#     run      RA         Dec        MJDstart       MJDend         node  inclination     mu0       nu0
      94  336.582430  -1.044271   51075.233628   51075.452943 284.205389   0.008360 336.582337  -1.050893
     125  350.469741  -1.252761   51081.255760   51081.494461 284.281467   0.008354 350.469667  -1.260403
     745  160.353128  -1.061524   51257.245736   51257.494010 287.729100   0.005897 160.353195  -1.056838
     752  145.143535  -1.267894   51258.200869   51258.495678 287.929000   0.005888 145.143639  -1.264333
     756  117.406386  -1.056321   51259.121345   51259.450179 287.957300   0.005886 117.406493  -1.055354
    1033  318.620772  -1.053273   51464.171742   51464.268767  95.000000   0.000000 318.620772  -1.053273
    1035    6.987864  13.730285   51464.309251   51464.381398  95.000000 -15.000000   6.931504  -1.261044
    1037   41.314424  -9.354641   51464.417745   51464.496525  95.000000  10.000000  40.766397  -1.261420
    1040  305.941747  -1.265767   51465.123448   51465.171546  95.000000   0.000000 305.941747  -1.265767
    1043    1.415963  13.917851   51465.293308   51465.385359  95.000000 -15.000000   1.520727  -1.053992
    1045   35.710830  -9.678778   51465.406545   51465.494034  95.000000  10.000000  35.233236  -1.054311
    1056  325.919060  -1.291598   51467.282943   51467.374578  95.000000   0.000000 325.919060  -1.291598
    1122  126.146467  -1.269326   51582.313963   51582.358744  95.000000   0.000000 126.146467  -1.269326
    1140  154.442325  -3.209566   51586.355062   51586.497283  95.000000  -2.500000 154.489635  -1.056159
    1231  170.799173  -3.687776   51606.402258   51606.485600  95.000000  -2.500000 170.825671  -1.264006
    1239  121.936888  -1.266684   51607.195900   51607.268462  95.000000   0.000000 121.936888  -1.266684
    1241  139.908212  -3.031925   51607.286968   51607.357042  95.000000  -2.500000 139.974622  -1.265825
    1331  111.976551  29.517333   51638.168269   51638.276074  95.000000  65.000000 128.644682  -1.263998
    1332  147.840201  58.154304   51638.295191   51638.319240  95.000000  65.000000 166.410258  -1.266315
    1336  250.892026  64.238950   51638.383990   51638.419649  95.000000  80.000000 208.376895  -1.056384
    1339  250.402770  64.197113   51638.434758   51638.470002  95.000000  80.000000 208.320522  -1.265806
    1345  116.757315  36.520150   51639.128455   51639.401701  95.000000  65.000000 136.709743  -1.058899
    1350  112.023798  32.552983   51640.119983   51640.308642  95.000000  67.500000 131.277783  -1.264889
    1356  254.132262  66.910616   51640.372207   51640.414915  95.000000  82.500000 206.500222  -1.055967
    1359  253.723941  66.750085   51640.438924   51640.482045  95.000000  82.500000 206.587872  -1.265492
    1402  112.570323  33.860994   51659.148041   51659.227236  95.000000  67.500000 132.647338  -1.052606
    1412  137.390385  56.989535   51661.178501   51661.335649  95.000000  67.500000 161.269531  -1.055553
    1450  121.778484  45.539031   51667.218162   51667.261284  95.000000  67.500000 146.287533  -1.055285
    1453  244.213615  49.284108   51667.376464   51667.416269  95.000000  67.500000 219.089088  -1.054631
    1458  169.811161   1.357154   51668.242517   51668.444444  95.000000   2.500000 169.812885  -1.055551
    1462  128.938487   0.129378   51669.144428   51669.420162  95.000000   2.500000 128.917905  -1.266158
    1478  210.443935   3.249957   51674.358636   51674.443222  95.000000   5.000000 210.406747  -1.266299
    1659  306.585232  -6.347294   51790.182520   51790.302763  95.000000  10.000000 307.136340  -1.058978
    1666  348.965801 -10.884973   51792.391200   51792.468737  95.000000  10.000000 349.257903  -1.265135
    1729  348.969531 -10.887927   51813.270895   51813.474481  95.000000  10.000000 349.261705  -1.267910
    1737  308.662159  -6.865794   51814.103651   51814.158383  95.000000  10.000000 309.253558  -1.270119
    1739  315.694852   8.831246   51814.209652   51814.339019  95.000000 -15.000000 316.467441  -1.057952
    1740  358.215841 -10.989637   51814.347788   51814.412471  95.000000  10.000000 358.339679  -1.058034
    1741   22.514561 -10.604224   51814.422551   51814.442453  95.000000  10.000000  22.209048  -1.057640
    1749  308.293168   7.068161   51817.122805   51817.193708  95.000000 -15.000000 308.929617  -1.268339
    1752   26.758075  -1.056348   51818.342237   51818.480311  95.000000   0.000000  26.758075  -1.056348
    1755  314.690870  -1.287811   51819.227830   51819.480758  95.000000   0.000000 314.690870  -1.287811
    1869   31.800388 -10.004822   51868.277499   51868.300718  95.000000  10.000000  31.365942  -1.057358
    1889  114.839096  30.805684   51874.355805   51874.410121  95.000000  62.500000 131.086425  -1.265541
    1891  349.605813 -10.707775   51875.065670   51875.091792  95.000000  10.000000 349.877682  -1.058560
    1893   29.943142 -10.146606   51875.130783   51875.177637  95.000000  10.000000  29.531544  -1.060157
    1894   32.643078  -1.268811   51875.187542   51875.255957  95.000000   0.000000  32.643078  -1.268811
    1895  127.588482  44.380691   51875.321209   51875.413258  95.000000  62.500000 147.966045  -1.059528
    1896  150.589723  56.283872   51875.437444   51875.495906  95.000000  62.500000 166.714026  -1.267603
    1897  124.810971  -0.023498   51875.508078   51875.523005  95.000000   2.500000 124.786553  -1.266034
    1904  338.545318  12.426964   51878.154072   51878.302925  95.000000 -15.000000 339.206665  -1.055798
    1907  124.235245   0.165108   51878.393521   51878.478105  95.000000   2.500000 124.218286  -1.055708
    1992  151.470183   1.026357   51901.443582   51901.518216  95.000000   2.500000 151.469805  -1.057736
    2074  130.152492  46.038609   51935.217090   51935.273895  95.000000  62.500000 150.409230  -1.268893
    2075  123.793987  40.765433   51935.291591   51935.308178  95.000000  62.500000 143.401601  -1.265261
    2076  113.208027  29.015438   51935.330710   51935.392491  95.000000  62.500000 128.814605  -1.054680
    2078  164.429228  62.189136   51935.424630   51935.498849  95.000000  65.000000 175.562571  -1.265095
    2125  120.497874   0.886209   51960.148671   51960.280524  95.000000   5.000000 120.482878  -1.266702
    2126  120.842708   1.125814   51960.290023   51960.468731  95.000000   5.000000 120.845493  -1.054926
    2131  112.074588  24.698993   51961.100247   51961.149588  95.000000  60.000000 124.694025  -1.265829
    2134  202.561167  62.621161   51961.378901   51961.422023  95.000000  65.000000 192.977726  -1.265338
    2137  112.528470  25.675063   51962.098277   51962.207740  95.000000  60.000000 125.732360  -1.056767
    2140  122.435975  36.611356   51962.288341   51962.316951  95.000000  60.000000 139.553893  -1.266742
    2141  147.004610  -1.267638   51962.353152   51962.411201  95.000000   0.000000 147.004610  -1.267638
    2188  126.166888  -2.356219   51987.139635   51987.220903  95.000000  -2.500000 126.230688  -1.061046
    2189  165.938082  62.636878   51987.249988   51987.292280  95.000000  65.000000 176.365234  -1.053771
    2190  187.255724   3.935870   51987.320647   51987.472403  95.000000   5.000000 187.250787  -1.060269
    2206  217.535279  62.377228   51991.265337   51991.398850  95.000000  67.500000 199.443161  -1.264294
    2207  243.755176  49.328644   51991.420466   51991.485566  95.000000  67.500000 218.871264  -1.264160
    2243  124.398351  38.443961   52014.115337   52014.266264  95.000000  60.000000 141.958600  -1.265277
    2247  162.338888   3.346016   52015.112037   52015.246380  95.000000   5.000000 162.373805  -1.269004
    2248  230.735836  54.590344   52015.263750   52015.366580  95.000000  65.000000 209.521824  -1.265086
    2259  122.366524  -2.419031   52016.123599   52016.208185  95.000000  -2.500000 122.437979  -1.268301
    2298  151.385755  56.781975   52046.148882   52046.182883  95.000000  62.500000 167.342448  -1.053022
    2299  171.067856  60.714270   52046.191413   52046.323267  95.000000  62.500000 178.234992  -1.054148
    2304  167.291208  60.249311   52047.168520   52047.251447  95.000000  62.500000 176.316999  -1.055152
    2305  244.383876  42.738639   52047.268346   52047.333860  95.000000  62.500000 224.211147  -1.055199
    2326  168.273665  60.164668   52052.162904   52052.293100  95.000000  62.500000 176.765878  -1.265014
    2327  223.911343   0.679527   52052.303724   52052.339382  95.000000   2.500000 223.919379  -1.265782
    2328  242.197804  44.244288   52052.353128   52052.423203  95.000000  62.500000 222.034065  -1.264445
    2333  198.746315  -3.696234   52053.163300   52053.215129  95.000000  -2.500000 198.720585  -1.267685
    2334  197.447188  -3.498369   52053.223187   52053.337626  95.000000  -2.500000 197.425770  -1.057013
    2335  247.831476  42.614169   52053.355788   52053.414667  95.000000  65.000000 225.907792  -1.054968
    2379  214.081524  -3.451299   52075.162550   52075.230551  95.000000  -2.500000 214.031506  -1.265864
    2385  307.383472  -1.056251   52075.313848   52075.351165  95.000000   0.000000 307.383472  -1.056251
    2391  210.677196   5.497939   52076.164390   52076.258098  95.000000   7.500000 210.557234  -1.266639
    2392  242.892911  78.293250   52076.268859   52076.364639  95.000000  85.000000 194.898999  -1.265782
    2566  316.907778   8.854466   52170.167132   52170.306035  95.000000 -15.000000 317.647827  -1.268253
    2570   23.066450  -1.059955   52170.383021   52170.433193  95.000000   0.000000  23.066450  -1.059955
    2574  262.095922  54.527605   52171.138705   52171.184315  95.000000  82.500000 219.457471  -1.271273
    2576  327.809523  -9.269481   52171.248351   52171.308474  95.000000  10.000000 328.364715  -1.266568
    2578   37.365103  -1.056795   52171.359730   52171.422341  95.000000   0.000000  37.365103  -1.056795
    2579   43.422167  -1.266503   52171.449826   52171.490875  95.000000   0.000000  43.422167  -1.266503
    2582  249.098770  76.291972   52172.116847   52172.204335  95.000000  85.000000 197.310305  -1.057068
    2583  307.392195  -1.266432   52172.223192   52172.316484  95.000000   0.000000 307.392195  -1.266432
    2585  328.115615  -1.268312   52172.330758   52172.366416  95.000000   0.000000 328.115615  -1.268312
    2589   27.264146  -1.056928   52173.308021   52173.401314  95.000000   0.000000  27.264146  -1.056928
    2649  345.635937  -1.056939   52196.259196   52196.323466  95.000000   0.000000 345.635937  -1.056939
    2650    5.147814  -1.056778   52196.331923   52196.400339  95.000000   0.000000   5.147814  -1.056778
    2659  308.252126  -1.057700   52197.124896   52197.168847  95.000000   0.000000 308.252126  -1.057700
    2662  320.333139  -1.056728   52197.202221   52197.375954  95.000000   0.000000 320.333139  -1.056728
    2677    9.261845  -1.056714   52207.310099   52207.371880  95.000000   0.000000   9.261845  -1.056714
    2700   23.346418  -1.058399   52224.277305   52224.383038  95.000000   0.000000  23.346418  -1.058399
    2708  347.436907  -1.057635   52225.127509   52225.229509  95.000000   0.000000 347.436907  -1.057635
    2709   23.454555  -1.267032   52225.242991   52225.341259  95.000000   0.000000  23.454555  -1.267032
    2728  320.567377  -1.055915   52231.088874   52231.287485  95.000000   0.000000 320.567377  -1.055915
    2735  144.502769  48.532313   52233.455996   52233.505337  95.000000  57.500000 159.523334  -1.265403
    2738   14.877582  -1.057418   52234.210387   52234.336437  95.000000   0.000000  14.877582  -1.057418
    2740  114.610181  23.618197   52234.369128   52234.489372  95.000000  55.000000 125.310546  -1.266139
    2768  343.996567  -1.056598   52253.139941   52253.227843  95.000000   0.000000 343.996567  -1.056598
    2777  113.130157  22.276413   52258.297085   52258.398256  95.000000  55.000000 123.409097  -1.057056
    2820   23.278366  -1.058663   52261.197011   52261.298182  95.000000   0.000000  23.278366  -1.058663
    2821  143.328987  45.591162   52261.310525   52261.395526  95.000000  55.000000 157.268722  -1.056520
    2822  113.140173  24.276674   52261.408200   52261.497346  95.000000  57.500000 124.955770  -1.057548
    2825  113.015576  23.771589   52262.248106   52262.354668  95.000000  57.500000 124.482644  -1.268038
    2826  126.326030  37.694649   52262.366514   52262.517025  95.000000  57.500000 142.464667  -1.056102
    2830  115.082330  22.206241   52263.254648   52263.476063  95.000000  52.500000 124.570141  -1.268197
    2831  138.935921  45.852066   52263.487102   52263.519029  95.000000  57.500000 154.887954  -1.263855
    2855   20.723590  -1.060164   52282.116563   52282.139783  95.000000   0.000000  20.723590  -1.060164
    2856   29.512131  -1.058021   52282.149331   52282.172550  95.000000   0.000000  29.512131  -1.058021
    2861   34.156188  -1.056948   52283.094509   52283.175365  95.000000   0.000000  34.156188  -1.056948
    2863  125.840609  37.289937   52283.230232   52283.316477  95.000000  57.500000 141.905888  -1.057704
    2864  113.407380  20.762311   52283.328856   52283.431270  95.000000  52.500000 122.455635  -1.057068
    2873   21.764218  -1.057771   52287.073309   52287.179455  95.000000   0.000000  21.764218  -1.057771
    2882  141.714959  42.231931   52287.330620   52287.362962  95.000000  52.500000 154.486174  -1.056971
    2883  143.996608  43.286173   52287.371237   52287.503506  95.000000  52.500000 156.465738  -1.056523
    2886   21.474368  -1.267683   52288.071926   52288.178073  95.000000   0.000000  21.474368  -1.267683
    2887  114.090529  19.456621   52288.190367   52288.328855  95.000000  50.000000 121.968520  -1.267952
    2888  113.686491  19.360727   52288.340329   52288.402110  95.000000  50.000000 121.636444  -1.057745
    2960   81.658673  -1.267145   52313.077799   52313.109311  95.000000   0.000000  81.658673  -1.267145
    2961  117.947513  23.133810   52313.120214   52313.174116  95.000000  50.000000 127.110677  -1.267304
    2964  127.100701  30.957687   52313.240812   52313.474667  95.000000  50.000000 138.400792  -1.056580
    2968   81.514823  -1.057487   52314.078228   52314.110154  95.000000   0.000000  81.514823  -1.057487
    2986  120.332448   1.947765   52318.221072   52318.354999  95.000000   7.500000 120.372747  -1.267392
    2987  148.096577  52.934699   52318.365469   52318.409835  95.000000  60.000000 163.778253  -1.055572
    2989  176.010614  58.627408   52318.433161   52318.476697  95.000000  60.000000 180.333342  -1.055233
    3015  122.720032   2.440327   52338.108584   52338.279414  95.000000   7.500000 122.800276  -1.056870
    3031  127.627680   4.149601   52345.140392   52345.389175  95.000000  10.000000 127.839833  -1.267498
    3059  154.437769  44.369165   52354.356040   52354.421140  95.000000  50.000000 163.680367  -1.263108
    3103  150.985404  48.384922   52365.099534   52365.202365  95.000000  55.000000 163.185427  -1.267169
    3130  183.017993  53.926225   52379.180269   52379.225464  95.000000  55.000000 183.832895  -1.057239
    3177  202.183858  52.454550   52402.131629   52402.278410  95.000000  55.000000 195.374523  -1.268009
    3180  200.010109  52.978112   52402.338233   52402.441064  95.000000  55.000000 193.973017  -1.057306
    3183  200.516548  57.766648   52403.141382   52403.183260  95.000000  60.000000 193.205272  -1.268306
    3184  216.064811  54.601768   52403.191457   52403.259042  95.000000  60.000000 202.395965  -1.268230
    3185  241.071159  37.117975   52403.271031   52403.331981  95.000000  55.000000 226.432413  -1.057487
    3187  225.335170  48.601247   52403.357755   52403.436951  95.000000  57.500000 210.349151  -1.266348
    3225  201.994661  57.789099   52434.181599   52434.327966  95.000000  60.000000 193.964586  -1.055433
    3226  232.355028  47.917803   52434.337249   52434.426811  95.000000  60.000000 214.544121  -1.266717
    3322  303.164337  -1.165981   52522.169428   52522.212552  95.000000   0.000000 303.164337  -1.165981
    3325  345.433167  -1.271242   52522.274212   52522.479872  95.000000   0.000000 345.433167  -1.271242
    3355   20.353196  -1.266425   52551.342116   52551.451994  95.000000   0.000000  20.353196  -1.266425
    3358  259.764887  59.756531   52552.079525   52552.140062  95.000000  82.500000 214.081747  -1.057920
    3360  307.513582  -1.267018   52552.164808   52552.377103  95.000000   0.000000 307.513582  -1.267018
    3362   21.437665  -1.057983   52552.391109   52552.484402  95.000000   0.000000  21.437665  -1.057983
    3384  307.368988  -1.058103   52557.160323   52557.476276  95.000000   0.000000 307.368988  -1.058103
    3388  313.745695  -1.267459   52558.190516   52558.486153  95.000000   0.000000 313.745695  -1.267459
    3427  312.117508  -1.267018   52576.098262   52576.147188  95.000000   0.000000 312.117508  -1.267018
    3430   22.025783  -1.265616   52576.212673   52576.256210  95.000000   0.000000  22.025783  -1.265616
    3434  311.304583  -1.267961   52577.071244   52577.298464  95.000000   0.000000 311.304583  -1.267961
    3437  311.235487  -1.058194   52578.067106   52578.267375  95.000000   0.000000 311.235487  -1.058194
    3438   31.599005  -1.267470   52578.277741   52578.356522  95.000000   0.000000  31.599005  -1.267470
    3460   22.485154  -1.267570   52585.215479   52585.319552  95.000000   0.000000  22.485154  -1.267570
    3461   43.745645  -1.058526   52585.328577   52585.373358  95.000000   0.000000  43.745645  -1.058526
    3462  114.689761  18.427302   52585.382266   52585.500023  95.000000  47.500000 121.687067  -1.267301
    3465  326.800608  -1.267252   52586.117645   52586.262353  95.000000   0.000000 326.800608  -1.267252
    3478  122.975883   3.658179   52591.446865   52591.507402  95.000000  10.000000 123.176664  -1.057614
    3513  114.875737  18.889049   52614.345574   52614.402378  95.000000  47.500000 122.134445  -1.057082
    3518  142.255681   6.309705   52615.461039   52615.515356  95.000000  10.000000 142.566645  -1.061175
    3525  164.518647   8.318605   52619.438861   52619.524276  95.000000  10.000000 164.740032  -1.058896
    3530  119.985349  23.326980   52621.365677   52621.529043  95.000000  47.500000 128.647002  -1.056710
    3538  119.764053   4.011430   52622.385917   52622.515697  95.000000  12.500000 120.036548  -1.268826
    3560  113.128612  15.571028   52639.250190   52639.378311  95.000000  45.000000 118.693951  -1.268141
    3562  148.340876  37.342606   52639.443705   52639.500095  95.000000  45.000000 156.654575  -1.263694
    3605  113.551993  16.222836   52664.166093   52664.234923  95.000000  45.000000 119.433471  -1.058401
    3606  126.412658  26.200966   52664.244350   52664.309033  95.000000  45.000000 135.014955  -1.058478
    3610   35.501527  47.158934   52666.103567   52666.158715  95.000000 -52.500000  25.193004  -1.056148
    3615  143.664095  35.705342   52666.253171   52666.288000  95.000000  45.000000 152.560138  -1.057297
    3628   34.962105  47.091719   52667.068772   52667.127651  95.000000 -52.500000  24.883341  -1.264402
    3629   39.775784  45.764014   52667.136341   52667.185268  95.000000 -52.500000  28.450961  -1.056710
    3630  118.395835   3.950333   52667.194781   52667.302586  95.000000  12.500000 118.686200  -1.058955
    3631  118.520388   4.798752   52667.310838   52667.515255  95.000000  15.000000 118.946102  -1.267522
    3634   32.905424  45.353074   52668.068082   52668.126130  95.000000 -50.000000  24.204797  -1.055409
    3635  114.999137  15.758172   52668.135375   52668.224936  95.000000  42.500000 120.230205  -1.268857
    3644  114.363380  15.525149   52671.160786   52671.286422  95.000000  42.500000 119.609504  -1.059108
    3647  138.626172  31.092086   52671.342212   52671.418920  95.000000  42.500000 146.685944  -1.055360
    3650  185.359817  48.735298   52671.477910   52671.530153  95.000000  50.000000 185.237370  -1.264131
    3664  208.462323  46.220726   52681.448836   52681.517251  95.000000  50.000000 200.994034  -1.265918
    3698  152.539962  41.258301   52704.309304   52704.399280  95.000000  47.500000 161.198551  -1.268121
    3699  182.635409  46.207277   52704.407798   52704.508140  95.000000  47.500000 183.363423  -1.267824
    3704  133.417378  28.164873   52705.246855   52705.322318  95.000000  42.500000 141.298514  -1.265875
    3705  189.269142  56.369376   52705.332852   52705.501608  95.000000  57.500000 187.363292  -1.056353
    3712  164.512375  54.457371   52708.359673   52708.465821  95.000000  57.500000 173.257682  -1.264520
    3716  180.419957  46.352018   52709.397911   52709.496595  95.000000  47.500000 181.839965  -1.054859
    3723  224.080512  39.076696   52710.403011   52710.500865  95.000000  47.500000 214.305990  -1.055917
    3804  158.961714   9.992512   52721.134828   52721.218586  95.000000  12.500000 159.378865  -1.267187
    3805  188.643656  11.208047   52721.229068   52721.280067  95.000000  12.500000 188.574949  -1.267358
    3813  143.669716  35.706930   52722.100340   52722.323829  95.000000  45.000000 152.564916  -1.058025
    3818  153.741265  39.165233   52724.227955   52724.403760  95.000000  45.000000 161.270545  -1.264824
    3830  119.084278   5.155169   52728.139511   52728.270950  95.000000  15.000000 119.576429  -1.054301
    3836  149.999113   9.225381   52729.135213   52729.399751  95.000000  12.500000 150.509702  -1.059088
    3838  193.556885  50.915195   52729.426634   52729.478464  95.000000  52.500000 190.384059  -1.265697
    3840  158.856988  38.112478   52730.106706   52730.204560  95.000000  42.500000 164.710754  -1.267616
    3841  166.353481   5.841011   52730.213208   52730.345478  95.000000   7.500000 166.449120  -1.268341
    3842  182.595011   6.436256   52730.354059   52730.455645  95.000000   7.500000 182.609770  -1.057197
    3893  155.706612  37.510696   52754.115803   52754.302803  95.000000  42.500000 162.158465  -1.056670
    3894  205.082804  10.492122   52754.312164   52754.445676  95.000000  12.500000 204.737964  -1.266159
    3900  129.686041  24.033996   52755.126182   52755.450013  95.000000  40.000000 136.307533  -1.265789
    3903  187.473691   8.932415   52756.127237   52756.288117  95.000000  10.000000 187.444089  -1.058425
    3905  201.247204   6.145798   52756.299245   52756.350660  95.000000   7.500000 201.154089  -1.057183
    3909  196.813892   8.523119   52757.187838   52757.321766  95.000000  10.000000 196.684476  -1.268400
    3910  211.746552   5.646815   52757.330342   52757.420318  95.000000   7.500000 211.611398  -1.056640
    3911  236.067666  30.881052   52757.429360   52757.454654  95.000000  45.000000 226.891674  -1.055823
    3918  190.624179  51.305867   52758.124581   52758.292095  95.000000  52.500000 188.513182  -1.057310
    3919  201.407664  40.027920   52758.301616   52758.447154  95.000000  42.500000 197.494657  -1.264351
    3926  227.506361  37.357677   52760.273595   52760.362741  95.000000  47.500000 217.493083  -1.265503
    3927  228.297648  32.509326   52760.376164   52760.459091  95.000000  42.500000 220.339923  -1.054787
    3958  230.144100  38.542886   52787.226196   52787.311612  95.000000  50.000000 218.681949  -1.265134
    3964  218.179897  46.081048   52788.151581   52788.267264  95.000000  52.500000 207.315143  -1.264876
    3965  230.293947  38.719648   52788.276240   52788.360412  95.000000  50.000000 218.684049  -1.053136
    3967  236.241834  30.782858   52788.380146   52788.424512  95.000000  45.000000 227.070613  -1.055401
    3970  183.153933  13.724531   52789.136539   52789.205784  95.000000  15.000000 183.206220  -1.267990
    3971  199.818783  13.253086   52789.213554   52789.308921  95.000000  15.000000 199.419043  -1.266657
    3972  225.276219  10.269101   52789.316497   52789.379107  95.000000  15.000000 224.514461  -1.266473
    3983  221.000299  37.580029   52797.316284   52797.369773  95.000000  45.000000 212.770974  -1.267243
    3992  222.001957  37.214294   52811.230944   52811.304749  95.000000  45.000000 213.646961  -1.264244
    3996  206.831475  12.905833   52812.152767   52812.265964  95.000000  15.000000 206.256596  -1.057099
    3997  236.138998  30.840634   52812.275529   52812.339383  95.000000  45.000000 226.965055  -1.055863
    4002  207.400145  36.717394   52813.158619   52813.289230  95.000000  40.000000 202.789288  -1.053295
    4003  245.059031  24.921695   52813.298235   52813.336381  95.000000  45.000000 236.817317  -1.266319
    4007  205.489588  34.413806   52814.156260   52814.195650  95.000000  37.500000 201.788704  -1.264393
    4010  213.090468  32.776790   52815.149860   52815.265959  95.000000  37.500000 208.327924  -1.263496
    4011  230.136951  61.009581   52815.274504   52815.382311  95.000000  70.000000 205.097022  -1.266622
    4014  204.823806  34.746309   52816.150268   52816.285440  95.000000  37.500000 201.182858  -1.054304
    4015  239.157171  79.356558   52816.296139   52816.375749  95.000000  85.000000 193.612811  -1.265411
    4076  262.163193   7.108615   52873.129097   52873.224877  98.628767  27.191748 260.763556  -1.057370
    4128  343.152978  -1.056406   52908.233998   52908.447121  95.000000   0.000000 343.152978  -1.056406
    4134  241.098541  74.645606   52909.085082   52909.248449 186.882299  78.511386 267.973878  -1.056401
    4135  335.909726  66.112845   52909.258917   52909.381235 186.882299  78.511386 297.203524  -1.266532
    4136   28.856019  -1.260663   52909.399761   52909.484762  95.000000   0.000000  28.856019  -1.260663
    4144  267.101792  77.061500   52910.164192   52910.238826 186.882299  78.511386 274.701955  -1.267113
    4145  345.097151  -1.266843   52910.248806   52910.457784  95.000000   0.000000 345.097151  -1.266843
    4152  354.977735  41.699066   52911.167318   52911.239464 186.882299  78.511386 323.828648  -1.056641
    4153  344.737441  -1.055590   52911.252172   52911.323491  95.000000   0.000000 344.737441  -1.055590
    4157   20.203208  -1.053792   52912.316053   52912.426346  95.000000   0.000000  20.203208  -1.053792
    4158   80.370025  -1.266677   52912.447611   52912.479537  95.000000   0.000000  80.370025  -1.266677
    4184  306.231035  -1.057963   52929.083472   52929.200399  95.000000   0.000000 306.231035  -1.057963
    4187  309.245152  -1.267150   52930.078870   52930.121579  95.000000   0.000000 309.245152  -1.267150
    4188  345.132413  -1.056881   52930.130639   52930.190347  95.000000   0.000000 345.132413  -1.056881
    4192  308.305949  -1.267527   52931.077100   52931.281101  95.000000   0.000000 308.305949  -1.267527
    4198  307.406254  -1.058193   52934.066883   52934.378276  95.000000   0.000000 307.406254  -1.058193
    4203  304.258363  -1.267890   52935.062851   52935.383781  95.000000   0.000000 304.258363  -1.267890
    4204  111.632398  35.264929   52935.394542   52935.496957  95.000000  70.000000 133.507955  -1.268763
    4207  305.967959  -1.057362   52936.058826   52936.374779  95.000000   0.000000 305.967959  -1.057362
    4208  111.345668  35.263433   52936.386308   52936.496187  95.000000  70.000000 133.405135  -1.058420
    4233  110.440670  36.958952   52946.366885   52946.428666  95.000000  72.500000 134.608951  -1.266349
    4247  345.313557  -1.267492   52959.119895   52959.206139  95.000000   0.000000 345.313557  -1.267492
    4253  345.389473  -1.057281   52962.093539   52962.164857  95.000000   0.000000 345.389473  -1.057281
    4263  344.276101  -1.268302   52963.096766   52963.286255  95.000000   0.000000 344.276101  -1.268302
    4264  110.723565  38.012357   52963.295575   52963.402137  95.000000  72.500000 135.665671  -1.056938
    4288   20.238646  -1.265230   52971.187293   52971.256951  95.000000   0.000000  20.238646  -1.265230
    4294  112.929418  41.301186   52973.321949   52973.421876  95.000000  72.500000 139.361585  -1.265996
    4335  114.841573  14.303144   52994.257796   52994.351088  95.000000  40.000000 119.258517  -1.269744
    4338  144.503916  10.442343   52994.405328   52994.442646  95.000000  15.000000 145.301339  -1.059408
    4344  140.474150   9.740127   52998.400994   52998.516677  95.000000  15.000000 141.271614  -1.056943
    4380  119.326839   5.211877   53032.302914   53032.353500  95.000000  15.000000 119.824599  -1.056232
    4381  172.003321  13.575691   53032.363768   53032.468256  95.000000  15.000000 172.370350  -1.054957
    4382  188.658398  38.884596   53032.477588   53032.525271  95.000000  40.000000 187.847462  -1.056973
    4392  147.348418  29.917698   53035.402209   53035.520795  95.000000  37.500000 153.022525  -1.264277
    4469  114.862090  14.587077   53052.255887   53052.448693  95.000000  40.000000 119.446079  -1.055622
    4470  185.004715  36.235073   53052.460811   53052.527567  95.000000  37.500000 185.003804  -1.264927
    4504  155.936780  32.748573   53080.357828   53080.461486  95.000000  37.500000 160.881157  -1.052246
    4508  116.284919  14.028592   53081.234817   53081.328110  95.000000  37.500000 120.282023  -1.265165
    4512  197.956584  35.722592   53081.381690   53081.491155  95.000000  37.500000 195.489698  -1.056239
    4517  115.078741  13.471455   53082.193302   53082.245131  95.000000  37.500000 119.001458  -1.055681
    4518  129.556728  22.301629   53082.255744   53082.338257  95.000000  37.500000 135.351150  -1.054881
    4520  237.322376  23.919435   53082.350984   53082.410693  95.000000  37.500000 231.353511  -1.057938
    4540  232.514938  24.144229   53104.340076   53104.365783  95.000000  35.000000 227.303253  -1.056646
    4549  116.256033  12.869671   53108.145276   53108.179276  95.000000  35.000000 119.667572  -1.161204
    4550  156.896259  30.604910   53108.188225   53108.224300  95.000000  35.000000 161.076433  -1.055862
    4552  168.894655  32.859554   53108.238259   53108.355186  95.000000  35.000000 171.522701  -1.056585
    4555  115.222765  12.352279   53109.136390   53109.178683  95.000000  35.000000 118.538845  -1.056854
    4569  115.088218  12.268664   53110.134021   53110.261729  95.000000  35.000000 118.383026  -1.056514
    4570  207.810111  31.756338   53110.270434   53110.399801  95.000000  35.000000 204.250360  -1.056650
    4571  242.354450  19.482966   53110.407668   53110.454935  95.000000  35.000000 237.555793  -1.059154
    4576  116.157768  12.684706   53111.124752   53111.459365  95.000000  35.000000 119.487630  -1.266232
    4588  206.189402  29.632567   53117.328074   53117.457855  95.000000  32.500000 203.314501  -1.057154
    4599  169.220777  30.443354   53120.294215   53120.392898  95.000000  32.500000 171.439021  -1.056123
    4600  240.656512  20.115254   53120.403006   53120.448616  95.000000  35.000000 235.850084  -1.268213
    4623  157.547346  28.175096   53137.194466   53137.366955  95.000000  32.500000 161.015577  -1.265033
    4628  216.848776  27.099651   53138.271635   53138.317245  95.000000  32.500000 213.025400  -1.266423
    4632  142.019860  23.854428   53139.137524   53139.225013  95.000000  32.500000 146.419525  -1.055720
    4633  228.184293  23.554243   53139.234222   53139.293515  95.000000  32.500000 223.864604  -1.266332
    4646  193.428546  28.671162   53147.272626   53147.429773  95.000000  30.000000 192.390189  -1.057303
    4649  182.376605  28.706699   53148.236568   53148.424400  95.000000  30.000000 182.698670  -1.266961
    4670  204.038248  25.132076   53168.153891   53168.285332  95.000000  27.500000 202.179644  -1.057178
    4671  230.435097  22.942432   53168.300280   53168.358329  95.000000  32.500000 226.011484  -1.057091
    4674  203.617446  24.978496   53169.209217   53169.334438  95.000000  27.500000 201.825516  -1.265861
    4678  206.261159  22.417981   53170.164018   53170.287165  95.000000  25.000000 204.589091  -1.057669
    4679  229.207743  61.682442   53170.296469   53170.423348  95.000000  70.000000 204.317825  -1.056029
    4682  227.704581  65.118210   53171.277327   53171.392597  95.000000  72.500000 201.584454  -1.265581
    4822  306.105641 -23.315719   53260.188731   53260.419685 325.100000  50.810000 295.382783  -1.056665
    4797  307.437840  -1.057160   53243.248111   53243.322745  95.000000   0.000000 307.437840  -1.057160
    4800   18.686450  13.347824   53243.377422   53243.462423 196.095416 276.287176  29.647559  -1.056525
    4828  253.290392  27.850470   53263.099371   53263.331568 136.813297  31.702297 250.033459  -1.056707
    4829   18.557879  10.467009   53263.342383   53263.475898 196.095416 276.287176  26.771054  -1.266388
    4832  251.481026  28.007339   53264.101653   53264.338825 136.813297  31.702297 248.440614  -1.266618
    4836  305.288630  11.874717   53265.096126   53265.290178  95.000000 -25.000000 307.304153  -1.266089
    4844   21.817542  22.989762   53269.375019   53269.440532  95.000000 -25.000000  20.449590  -1.056520
    4843   10.921329  23.615205   53269.228141   53269.366216  95.000000 -25.000000  10.425230  -1.266387
    4851  356.642253  23.708019   53271.305111   53271.350307  95.000000 -25.000000 357.350704  -1.056474
    4858  309.580213  -1.057030   53272.182842   53272.486357  95.000000   0.000000 309.580213  -1.057030
    4880  328.883208  19.549109   53291.159328   53291.203694  95.000000 -25.000000 331.251402  -1.057425
    4879  303.865380  11.548880   53291.072398   53291.151179  95.000000 -25.000000 305.888047  -1.056795
    4868  330.436240  -1.058278   53286.209326   53286.461840  95.000000   0.000000 330.436240  -1.058278
    4874  298.568789  -1.057036   53288.079545   53288.490035  95.000000   0.000000 298.568789  -1.057036
    4900   74.308192  58.000983   53296.425139   53296.487750 205.976381 293.890382  95.345316  -1.058579
    4887   56.755647  47.070552   53293.372540   53293.489053 205.976381 293.890382  80.151842  -1.269072
    4895  356.173914  -1.058446   53294.286779   53294.488708  95.000000   0.000000 356.173914  -1.058446
    4905    1.349722  -1.056610   53298.297890   53298.489038  95.000000   0.000000   1.349722  -1.056610
    4917  295.374964  -1.052664   53302.066370   53302.388128  95.000000   0.000000 295.374964  -1.052664
    4930  302.961889  -1.267863   53313.052461   53313.212096  95.000000   0.000000 302.961889  -1.267863
    4933  307.266511  -1.059078   53314.056036   53314.373233  95.000000   0.000000 307.266511  -1.059078
    4948   18.357125  -1.056273   53319.240737   53319.358908  95.000000   0.000000  18.357125  -1.056273
    5112  114.951466   8.901338   53387.341395   53387.526739  95.000000  27.500000 116.748610  -1.054982
    5138  142.380060  17.837149   53405.306153   53405.340568  95.000000  25.000000 144.857377  -1.055799
    5115  173.325044  25.950328   53388.349549   53388.428330  95.000000  27.500000 174.514475  -1.057386
    5140  152.527233  20.389101   53405.358783   53405.428442  95.000000  25.000000 154.778334  -1.057205
    5182  116.962636   7.673360   53439.134503   53439.216186  95.000000  22.500000 118.178922  -1.058961
    5183  132.447936  13.026400   53439.224427   53439.505136  95.000000  22.500000 134.321016  -1.057546
    5037  116.139117  11.472487   53350.380872   53350.438507  95.000000  32.500000 118.893964  -1.269123
    5038  128.231369  17.827230   53350.448772   53350.522992  95.000000  32.500000 132.203266  -1.266959
    5042   19.389077  -1.268838   53351.116325   53351.228693  95.000000   0.000000  19.389077  -1.268838
    5044   54.036261  44.938874   53351.284582   53351.342216 205.976381 293.890382  77.311671  -1.053203
    5045  114.553133  10.807783   53351.350889   53351.435891  95.000000  32.500000 117.214574  -1.059220
    5052  345.310659  -1.266393   53352.070698   53352.179333  95.000000   0.000000 345.310659  -1.266393
    5060   71.322762  56.712017   53352.248403   53352.328013 205.976381 293.890382  93.282587  -1.056749
    5061  116.959114  10.754046   53352.336136   53352.521063  95.000000  30.000000 119.302573  -1.265998
    5064  339.462994 -19.461814   53353.054123   53353.135392  95.000000  20.000000 341.010936  -1.266964
    5065   20.484809   5.963194   53353.144437   53353.246021  95.000000  -7.500000  20.402792  -1.266730
    5066   47.069190  -0.731958   53353.254546   53353.293523 225.998477 316.856358  46.279153  -1.266238
    5069   21.773197 -20.485672   53354.155348   53354.263982  95.000000  20.000000  20.688064  -1.266776
    5070   46.879488 -16.462574   53354.272770   53354.286039  95.000000  20.000000  44.818327  -1.265575
    5071  117.167839  11.094345   53354.294606   53354.499021  95.000000  30.000000 119.641966  -1.059443
    5072  199.699582  28.112967   53354.511413   53354.523853  95.000000  30.000000 197.935364  -1.059720
    5080  116.377173   9.342812   53359.409906   53359.523932  95.000000  27.500000 118.209141  -1.265136
    5087  151.527503  22.160953   53360.386778   53360.522364  95.000000  27.500000 154.274968  -1.267808
    5079  151.318625  26.602875   53359.377544   53359.402007  95.000000  32.500000 155.265389  -1.266180
    5125  131.098263  14.238751   53389.403980   53389.527540  95.000000  25.000000 133.434609  -1.055866
    5116  173.319389  23.482015   53388.444881   53388.532784  95.000000  25.000000 174.296815  -1.057951
    5137  116.509873   8.325959   53405.157294   53405.294953  95.000000  25.000000 117.960596  -1.265606
    5194  116.084127   7.117912   53441.125753   53441.497267  95.000000  22.500000 117.166837  -1.267799
    5224  159.461722  21.531025   53462.113889   53462.277256  95.000000  25.000000 161.351262  -1.266253
    5225  166.438663  17.972467   53462.290781   53462.373293  95.000000  20.000000 167.371810  -1.057575
    5237  213.685540  20.954136   53469.321698   53469.393845  95.000000  25.000000 211.639011  -1.267266
    5308  192.708506  18.775585   53499.287843   53499.443748  95.000000  20.000000 192.297262  -1.056719
    5314  177.858399  18.588743   53500.289656   53500.438512  95.000000  20.000000 178.231096  -1.267120
    5312  138.394317  12.948230   53500.140253   53500.218205  95.000000  20.000000 139.904301  -1.056650
    5317  224.805279  14.324635   53501.197420   53501.267079  95.000000  20.000000 223.347414  -1.265460
    5327  256.501760  42.701013   53503.406069   53503.442144  95.000000  72.500000 229.190903  -1.056852
    5326  201.125703  15.580308   53503.268682   53503.397219  95.000000  17.500000 200.521813  -1.266457
    5323  229.578939  17.046480   53502.383545   53502.445325  95.000000  25.000000 227.161253  -1.267353
    5322  210.816543  14.778806   53502.270088   53502.374162  95.000000  17.500000 209.907577  -1.057528
    5318  203.064020  15.627180   53501.276210   53501.348356  95.000000  17.500000 202.377615  -1.054723
    5330  232.241206  14.603912   53504.301870   53504.350797  95.000000  22.500000 230.285254  -1.058442
    5360  153.983386  13.839135   53522.151341   53522.288172  95.000000  17.500000 154.970179  -1.266526
    5362  224.389266  66.479522   53522.299082   53522.374962  95.000000  72.500000 199.672371  -1.056028
    5381  160.556109  14.950216   53526.155703   53526.224119  95.000000  17.500000 161.430391  -1.056973
    5382  182.589467  16.218331   53526.230705   53526.284607  95.000000  17.500000 182.684883  -1.267027
    5924  299.853444  -1.267363   53705.044096   53705.379537  95.000000   0.000000 299.853444  -1.267363
    5384  246.723428  -6.215638   53526.312237   53526.392262  60.003551  34.950130 249.060182  -1.266597
    5385  227.123692  56.247049   53526.400943   53526.412139  95.000000  65.000000 206.885892  -1.266623
    5387  241.830084  51.204226   53526.421728   53526.431264  95.000000  67.500000 216.637344  -1.056996
    5396  238.867126  -0.494939   53528.195657   53528.303878  60.003551  34.950130 239.355580  -1.056681
    5375  247.878353  53.334049   53525.182496   53525.221057  95.000000  72.500000 217.112049  -1.055671
    5377  239.439021  -1.151380   53525.294967   53525.339748  60.003551  34.950130 240.200522  -1.267098
    5402  183.201513   3.941022   53529.186530   53529.201458  95.000000   5.000000 183.205462  -1.056523
    5409  247.803419  13.600087   53530.196989   53530.244674  98.628767  27.191748 245.223463  -1.056593
    5416  255.117445  43.646946   53532.347396   53532.427421 161.743574  44.753763 254.184671  -1.056215
    5590  300.263177  -1.057192   53623.131219   53623.326099  95.000000   0.000000 300.263177  -1.057192
    5610  294.226427  -1.058231   53628.085576   53628.445066  95.000000   0.000000 294.226427  -1.058231
    5619  309.238559  -1.265894   53634.128563   53634.437468  95.000000   0.000000 309.238559  -1.265894
    5628  296.343039  -1.267377   53636.098377   53636.280403  95.000000   0.000000 296.343039  -1.267377
    5633  299.362355  -1.057646   53637.101414   53637.370513  95.000000   0.000000 299.362355  -1.057646
    5641    2.119230   6.433352   53639.214808   53639.277003  95.000000  -7.500000   2.136898  -1.057255
    5666   41.314098  -1.265834   53643.431424   53643.488644  95.000000   0.000000  41.314098  -1.265834
    5654  289.962350  -1.083064   53641.072480   53641.119749  95.000000   0.000000 289.962350  -1.083064
    5656  359.259641   6.194805   53641.248100   53641.313198  95.000000  -7.500000 359.291870  -1.267902
    5658   16.149291  -1.058204   53641.358636   53641.465199  95.000000   0.000000  16.149291  -1.058204
    5702  304.216861  -1.057812   53649.101927   53649.128049  95.000000   0.000000 304.216861  -1.057812
    5709  308.313389  -1.056478   53654.153278   53654.361426  95.000000   0.000000 308.313389  -1.056478
    5675  300.353750  -1.267454   53645.169155   53645.218912  95.000000   0.000000 300.353750  -1.267454
    5719  297.284734  -1.057820   53656.070320   53656.250687  95.000000   0.000000 297.284734  -1.057820
    5730   37.266766  -1.265658   53657.257892   53657.323819  95.000000   0.000000  37.266766  -1.265658
    5732   47.176320  -1.267546   53657.449626   53657.488188  95.000000   0.000000  47.176320  -1.267546
    5744  330.322698  -1.056987   53663.175140   53663.417703  95.000000   0.000000 330.322698  -1.056987
    5759  301.405398  -1.058690   53665.073011   53665.396014  95.000000   0.000000 301.405398  -1.058690
    5765    2.367542  -1.058825   53666.334000   53666.479538  95.000000   0.000000   2.367542  -1.058825
    5770  304.382163  -1.057768   53668.092890   53668.407600  95.000000   0.000000 304.382163  -1.057768
    5776  300.972375  -1.267540   53669.067402   53669.391649  95.000000   0.000000 300.972375  -1.267540
    5782   32.721154  -1.268003   53670.421507   53670.499874  95.000000   0.000000  32.721154  -1.268003
    5792  298.513496  -1.056740   53673.049470   53673.380350  95.000000   0.000000 298.513496  -1.056740
    5797  301.950877  -1.267695   53674.054347   53674.376106  95.000000   0.000000 301.950877  -1.267695
    5807  312.400684  -1.268191   53676.172800   53676.465118  95.000000   0.000000 312.400684  -1.268191
    5823  300.860359  -1.058091   53680.060558   53680.393512  95.000000   0.000000 300.860359  -1.058091
    5836  300.391761  -1.267309   53681.102929   53681.437127  95.000000   0.000000 300.391761  -1.267309
    5849  118.658598   7.196561   53684.426989   53684.502453  95.000000  20.000000 119.647347  -1.057049
    5853  300.971277  -1.267795   53685.063575   53685.304479  95.000000   0.000000 300.971277  -1.267795
    5866   18.276120  -1.057081   53686.274415   53686.392586  95.000000   0.000000  18.276120  -1.057081
    5871   31.460708  -1.266997   53687.257952   53687.340879  95.000000   0.000000  31.460708  -1.266997
    5902  298.143447  -1.057819   53699.075821   53699.299311  95.000000   0.000000 298.143447  -1.057819
    5895  299.803481  -1.266632   53697.058323   53697.393350  95.000000   0.000000 299.803481  -1.266632
    5374  153.858632  14.032058   53525.145416   53525.171953  95.000000  17.500000 154.880500  -1.057143
    5395  169.691570  18.072815   53528.151523   53528.179303  95.000000  20.000000 170.460314  -1.265924
    5376  183.532418  16.437261   53525.229507   53525.286313  95.000000  17.500000 183.592171  -1.057317
    5378  248.351297  13.143007   53525.348804   53525.430073  98.628767  27.191748 245.893509  -1.266973
    5390  179.151832  16.357295   53527.153123   53527.221538  95.000000  17.500000 179.388360  -1.056648
    5401  152.485604  59.610018   53529.153053   53529.176687  95.000000  65.000000 169.217631  -1.264595
    5403  255.135051  43.436910   53529.213133   53529.336280 161.743574  44.753763 254.206155  -1.265539
    5408  146.150759  52.192402   53530.133454   53530.188187  95.000000  60.000000 162.381636  -1.055162
    5415  299.370107 -11.480073   53532.305747   53532.338919  98.628767  27.191748 302.189758  -1.056195
    5421  277.794142  -0.995875   53535.310068   53535.424094  98.628767  27.191748 278.341512  -1.267199
    5313  160.472240  17.041357   53500.228784   53500.276052  95.000000  20.000000 161.608983  -1.266708
    5566  327.347237  -1.056819   53616.216026   53616.469784  95.000000   0.000000 327.347237  -1.056819
    5582  305.338949  -1.265169   53622.168294   53622.478857  95.000000   0.000000 305.338949  -1.265169
    5598  344.238622   5.749851   53625.273219   53625.353659  95.000000  -7.500000 344.342583  -1.266800
    5597  296.276928  -1.266999   53625.139156   53625.264791  95.000000   0.000000 296.276928  -1.266999
    5607  299.297865  -1.267195   53627.108657   53627.136438  95.000000   0.000000 299.297865  -1.267195
    5622  296.472357  -1.058177   53635.100177   53635.447643  95.000000   0.000000 296.472357  -1.058177
    5636  343.307696   5.914552   53638.176330   53638.238940  95.000000  -7.500000 343.425107  -1.058508
    5640  307.369404   2.967273   53639.092753   53639.206363  95.000000  -7.500000 307.475049  -1.057981
    5642  350.246074  -1.056810   53639.287728   53639.485096  95.000000   0.000000 350.246074  -1.056810
    5646  346.064385  -1.267548   53640.235930   53640.466469  95.000000   0.000000 346.064385  -1.267548
    5665  291.945461  -1.265368   53643.074134   53643.112695  95.000000   0.000000 291.945461  -1.265368
    5655  308.207444   2.848921   53641.135367   53641.240270  95.000000  -7.500000 308.294132  -1.267476
    5714   20.559421   6.169892   53655.369619   53655.479498  95.000000  -7.500000  20.469734  -1.057566
    5713  292.555780  -1.267661   53655.059893   53655.361748  95.000000   0.000000 292.555780  -1.267661
    5681   23.298387  -1.267021   53646.400465   53646.482563  95.000000   0.000000  23.298387  -1.267021
    5729  309.827549  -1.266921   53657.195152   53657.215469  95.000000   0.000000 309.827549  -1.266921
    5731   21.233280  -1.056059   53657.331600   53657.441893  95.000000   0.000000  21.233280  -1.056059
    5745   33.153081  -1.268673   53663.428178   53663.489130  95.000000   0.000000  33.153081  -1.268673
    5754  303.271246  -1.267697   53664.114532   53664.432144  95.000000   0.000000 303.271246  -1.267697
    5760   25.202000  -1.268968   53665.406095   53665.490681  95.000000   0.000000  25.202000  -1.268968
    5763  304.431528  -1.268977   53666.081344   53666.246370  95.000000   0.000000 304.431528  -1.268977
    5771   33.159373  -1.268601   53668.416756   53668.493867  95.000000   0.000000  33.159373  -1.268601
    5777   24.481037  -1.058367   53669.402371   53669.495249  95.000000   0.000000  24.481037  -1.058367
    5781  304.753589  -1.057042   53670.098773   53670.412238  95.000000   0.000000 304.753589  -1.057042
    5786  324.290417  -1.267731   53671.216785   53671.487128  95.000000   0.000000 324.290417  -1.267731
    5800  305.359095  -1.057373   53675.065320   53675.379200  95.000000   0.000000 305.359095  -1.057373
    5808   49.336756  -1.059123   53676.472960   53676.497009  95.000000   0.000000  49.336756  -1.059123
    5813  295.827236  -1.057381   53677.059953   53677.361395  95.000000   0.000000 295.827236  -1.057381
    5815  124.584437  10.437451   53677.455518   53677.506518  95.000000  22.500000 126.197716  -1.056301
    5820  317.473372  -1.267789   53679.158726   53679.442753  95.000000   0.000000 317.473372  -1.267789
    5817   31.760149   9.764551   53678.354643   53678.496034 205.976381 293.890382  37.240839  -1.267460
    5824  118.573359   5.869485   53680.401664   53680.442713  95.000000  17.500000 119.221474  -1.266279
    5847   25.629850  -1.268153   53684.300491   53684.402906  95.000000   0.000000  25.629850  -1.268153
    5865  317.102892  -1.057750   53686.172262   53686.241092  95.000000   0.000000 317.102892  -1.057750
    5870  297.759501  -1.268190   53687.093036   53687.248940  95.000000   0.000000 297.759501  -1.268190
    5872   25.210373  -1.058657   53687.351015   53687.451357  95.000000   0.000000  25.210373  -1.058657
    5878  299.933540  -1.057041   53693.059900   53693.394512  95.000000   0.000000 299.933540  -1.057041
    5905  299.930046  -1.267536   53700.057639   53700.392251  95.000000   0.000000 299.930046  -1.267536
    5898  329.428899  -1.057306   53698.138982   53698.201177  95.000000   0.000000 329.428899  -1.057306
    5889   36.289372  -1.268938   53696.334244   53696.404732  95.000000   0.000000  36.289372  -1.268938
    5918  305.455396  -1.057832   53704.058522   53704.378206  95.000000   0.000000 305.455396  -1.057832
    5934   32.791789  12.475443   53710.268608   53710.380559 205.976381 293.890382  40.127491  -1.057487
    5935  118.760756   7.010048   53710.389335   53710.510409  95.000000  20.000000 119.685209  -1.265928
    5960   31.710271  64.083838   53733.267378   53733.366062 196.095416 276.287176  81.197894  -1.056350
    5882  299.812315  -1.266526   53694.074265   53694.409290  95.000000   0.000000 299.812315  -1.266526
    5959   22.413819  38.117177   53733.165769   53733.252013 196.095416 276.287176  54.641761  -1.058044
    5972  117.730573   5.631039   53741.347071   53741.452388  95.000000  17.500000 118.349479  -1.263523
    5973  172.761408  -9.158821   53741.462147   53741.524342 356.404996 298.936172 166.634757  -1.266668
    5976  163.850176 -23.471833   53742.429572   53742.527012 356.404996 298.936172 149.974062  -1.043700
    5982  164.228246 -23.328537   53744.458810   53744.515615 356.404996 298.936172 150.276580  -1.266063
    5999  163.068169 -25.064204   53764.382681   53764.417926 356.404996 298.936172 148.243326  -1.266414
    6182  298.675863  59.744820   53885.310901   53885.432805 178.712846  64.497560 283.291314  -1.264978
    6160  158.373832   7.895775   53879.143063   53879.163795  95.000000  10.000000 158.640981  -1.058687
    6708   66.344854  -9.777149   54138.071645   54138.174889 261.852225 331.240879  63.626651  -1.266477
    6003   50.771484   2.729072   53766.166157   53766.283085 225.998477 316.856358  51.347676  -1.266065
    6004  118.068028   5.941212   53766.292747   53766.413821  95.000000  17.500000 118.758092  -1.058513
    6005  191.793081 -22.942773   53766.425938   53766.514256  11.521649 272.609135 168.610454  -1.266523
    6709  115.411672  31.478283   54138.184615   54138.216957 236.018936 323.166311 120.276325  -1.266441
    6727  110.990860  30.396328   54152.237087   54152.280624 236.018936 323.166311 116.338197  -1.057545
    6075   81.704032  81.716360   53819.194747   53819.217137 196.095416 276.287176 102.683602  -1.263817
    6728  111.346363  13.957034   54152.288393   54152.348931 261.852225 331.240879 114.196078  -1.056583
    6103  106.683686  82.446308   53846.210449   53846.277620 196.095416 276.287176 106.172765  -1.266121
    6104  238.104899  19.527181   53846.289259   53846.317040  95.000000  32.500000 233.931255  -1.266836
    6105  254.309814  10.552413   53846.325626   53846.370820  98.628767  27.191748 252.275561  -1.266884
    6121  191.573412 -22.765051   53856.235239   53856.321898  11.521649 272.609135 168.779791  -1.057005
    6122  226.174378  55.483262   53856.330922   53856.405142 178.712846  64.497560 246.181117  -1.265356
    6123  258.671451  62.870443   53856.412675   53856.448334 178.712846  64.497560 264.151404  -1.265782
    6161  248.263197  45.497272   53879.172867   53879.231746  95.000000  67.500000 223.763432  -1.054782
    6162  225.334032  55.379319   53879.240766   53879.422793 178.712846  64.497560 245.741183  -1.053971
    6166  198.712539  12.925495   53880.143990   53880.254284  25.976381  66.109618 191.233026  -1.265599
    6169  279.555471  62.811284   53880.336523   53880.394987 178.712846  64.497560 273.644859  -1.264301
    6177  283.857941  38.882938   53882.275816   53882.430891 161.743574  44.753763 276.193151  -1.055804
    6176  210.237667 -12.097385   53882.232072   53882.266073  25.976381  66.109618 218.748856  -1.056884
    6174  199.347281  12.085159   53881.149963   53881.258184  25.976381  66.109618 192.255991  -1.055512
    6581   84.419745  18.118440   54059.410984   54059.504692 236.018936 323.166311  89.274840  -1.266294
    6207  274.422912  11.837225   53903.183297   53903.236786 259.900000  43.200000 278.526099  -1.058693
    6212  277.366582  14.344786   53904.195980   53904.293420 259.900000  43.200000 282.335541  -1.057390
    6282  295.087316  22.225137   53974.222702   53974.260849 127.889900  64.229000 282.428712  -1.161716
    6366  338.267442  33.837045   53996.090110   53996.157282 178.712846  64.497560 319.835424  -1.268354
    6361  358.646878  -2.808158   53995.271128   53995.337056 178.712846  64.497560   1.219426  -1.268140
    6354  329.999492  43.473302   53994.164573   53994.294355 178.712846  64.497560 308.249203  -1.057139
    6371  349.375668  15.994675   53997.212711   53997.274492 178.712846  64.497560 340.296013  -1.268070
    6372  354.523156   6.277516   53997.284858   53997.341664 178.712846  64.497560 351.244440  -1.058136
    6413    0.990984  -7.212914   54007.199773   54007.251602 178.712846  64.497560   6.201209  -1.058018
    6585   86.097886  19.339783   54060.432056   54060.511666 236.018936 323.166311  91.268619  -1.056956
    6514   63.192806   4.028791   54039.415224   54039.497736 236.018936 323.166311  64.173744  -1.057023
    6519   64.097021   4.434168   54040.421337   54040.500118 236.018936 323.166311  65.140081  -1.266921
    6509   90.925150  32.290586   54037.408662   54037.477077 225.998477 316.856358  99.227430  -1.057342
    6574  121.287361  -9.718410   54057.386588   54057.469931 315.138899 328.783976 118.319007  -1.264638
    6749  121.122233  -9.572148   54173.169105   54173.251617 315.138899 328.783976 118.251891  -1.056332
    6751  196.736311   9.174872   54173.276144   54173.339998  32.000000  35.000000 194.277930  -1.057539
    6752  168.479433  57.852486   54173.349758   54173.365514  95.000000  60.000000 176.295776  -1.057111
    5603  296.577442  -1.058501   53626.107223   53626.449713  95.000000   0.000000 296.577442  -1.058501
    5637  339.347584  -1.267713   53638.253291   53638.482172  95.000000   0.000000 339.347584  -1.267713
    5794  117.866519   9.124538   53673.403726   53673.451824  95.000000  25.000000 119.507432  -1.055571
    5842   29.829245  -1.058871   53683.365538   53683.451783  95.000000   0.000000  29.829245  -1.058871
