 

                   INTERNATIONAL EARTH ROTATION SERVICE
                        EARTH ROTATION PARAMETERS
                          EOP (IERS) C 04

  
             FORMAT(2X,A4,I3,2X,I5,2F9.6,F10.7,2X,F10.7,2X,2F9.5)
******************************************************************************
  
    Date    MJD      x        y      UT1-UTC       LOD        dPsi   dEpsilon
                     "        "         s           s          "         "
     (0h UTC)
 
  
  YEAR ==> 2000

  JAN   1  51544  .043200  .377691  .3555038    .0009135    -.05052  -.00236
  JAN   2  51545  .043478  .377503  .3546337    .0008262    -.05051  -.00240
  JAN   3  51546  .043597  .377255  .3538507    .0007071    -.05043  -.00244
  JAN   4  51547  .043435  .376929  .3532142    .0005483    -.05019  -.00255
  JAN   5  51548  .043104  .376648  .3527447    .0004182    -.04986  -.00271
  JAN   6  51549  .043111  .376285  .3523649    .0003892    -.04959  -.00291
  JAN   7  51550  .043465  .376064  .3519511    .0004216    -.04926  -.00304
  JAN   8  51551  .043731  .376019  .3515059    .0004284    -.04895  -.00312
  JAN   9  51552  .043694  .375759  .3510802    .0004758    -.04879  -.00318
  JAN  10  51553  .043581  .375261  .3505441    .0006051    -.04890  -.00314
  JAN  11  51554  .043735  .374766  .3498655    .0007484    -.04906  -.00303
  JAN  12  51555  .044289  .374703  .3490493    .0009105    -.04941  -.00288
  JAN  13  51556  .045219  .374763  .3480530    .0010757    -.04987  -.00270
  JAN  14  51557  .046460  .374718  .3469126    .0011690    -.05038  -.00258
  JAN  15  51558  .047641  .374783  .3457350    .0011670    -.05097  -.00250
  JAN  16  51559  .048508  .374808  .3446007    .0011127    -.05140  -.00255
  JAN  17  51560  .049454  .374838  .3435276    .0010412    -.05176  -.00268
  JAN  18  51561  .050693  .375108  .3425246    .0009588    -.05179  -.00278
  JAN  19  51562  .051995  .375572  .3416008    .0008804    -.05173  -.00292
  JAN  20  51563  .053152  .375750  .3407415    .0008446    -.05137  -.00289
  JAN  21  51564  .054186  .375826  .3398850    .0008709    -.05097  -.00290
  JAN  22  51565  .055119  .376209  .3389799    .0009527    -.05051  -.00287
  JAN  23  51566  .055780  .376694  .3379741    .0010970    -.05011  -.00273
  JAN  24  51567  .056194  .377100  .3367955    .0012267    -.04988  -.00270
  JAN  25  51568  .056427  .377353  .3355397    .0012741    -.04977  -.00261
  JAN  26  51569  .056525  .377318  .3342683    .0013028    -.04983  -.00268
  JAN  27  51570  .056943  .377023  .3329515    .0012789    -.05009  -.00272
  JAN  28  51571  .057326  .376719  .3317220    .0011418    -.05036  -.00282
  JAN  29  51572  .057189  .376347  .3306733    .0009795    -.05060  -.00285
  JAN  30  51573  .056975  .376102  .3297627    .0008392    -.05077  -.00300
  JAN  31  51574  .056934  .375962  .3289896    .0007263    -.05078  -.00302
  FEB   1  51575  .056887  .375511  .3283004    .0006446    -.05057  -.00310
  FEB   2  51576  .057218  .375003  .3276874    .0005582    -.05020  -.00312
  FEB   3  51577  .057671  .374393  .3271686    .0004962    -.04976  -.00307
  FEB   4  51578  .058192  .373749  .3266789    .0005110    -.04930  -.00306
  FEB   5  51579  .059030  .373148  .3261314    .0006039    -.04889  -.00312
  FEB   6  51580  .059972  .372591  .3254593    .0007517    -.04865  -.00308
  FEB   7  51581  .061045  .372236  .3246220    .0008866    -.04866  -.00316
  FEB   8  51582  .062221  .371964  .3236879    .0010192    -.04879  -.00319
  FEB   9  51583  .063513  .371868  .3225937    .0011773    -.04916  -.00329
  FEB  10  51584  .064816  .371647  .3213497    .0012402    -.04959  -.00335
  FEB  11  51585  .065765  .371190  .3201332    .0011576    -.05013  -.00346
  FEB  12  51586  .066202  .370687  .3190543    .0010064    -.05051  -.00360
  FEB  13  51587  .066178  .370124  .3181358    .0008761    -.05082  -.00374
  FEB  14  51588  .065973  .369701  .3173087    .0007523    -.05089  -.00386
  FEB  15  51589  .066014  .369243  .3166258    .0006473    -.05085  -.00391
  FEB  16  51590  .066627  .368751  .3159961    .0006484    -.05058  -.00391
  FEB  17  51591  .067385  .368445  .3153035    .0006937    -.05026  -.00394
  FEB  18  51592  .067985  .368347  .3145846    .0007447    -.04985  -.00392
  FEB  19  51593  .068503  .368293  .3138006    .0008786    -.04949  -.00397
  FEB  20  51594  .069036  .368177  .3128294    .0010867    -.04921  -.00403
  FEB  21  51595  .069216  .367903  .3116435    .0012476    -.04906  -.00413
  FEB  22  51596  .068986  .367348  .3103578    .0012776    -.04911  -.00418
  FEB  23  51597  .068743  .366756  .3091110    .0012087    -.04928  -.00430
  FEB  24  51598  .068391  .366062  .3079574    .0010971    -.04959  -.00448
  FEB  25  51599  .067914  .365234  .3069262    .0009499    -.04987  -.00461
  FEB  26  51600  .067446  .364340  .3060598    .0007901    -.05000  -.00465
  FEB  27  51601  .066977  .363429  .3053420    .0006716    -.05006  -.00469
  FEB  28  51602  .066606  .362639  .3047073    .0005988    -.04998  -.00468
  FEB  29  51603  .066446  .361883  .3041311    .0005450    -.04982  -.00462
  MAR   1  51604  .066405  .361375  .3036014    .0005387    -.04946  -.00459
  MAR   2  51605  .066576  .360889  .3030371    .0005935    -.04917  -.00450
  MAR   3  51606  .067150  .360345  .3023981    .0006753    -.04891  -.00447
  MAR   4  51607  .067778  .360178  .3016725    .0008057    -.04871  -.00442
  MAR   5  51608  .067956  .360162  .3007775    .0009805    -.04858  -.00439
  MAR   6  51609  .068145  .360008  .2997098    .0011616    -.04868  -.00441
  MAR   7  51610  .068625  .359776  .2984625    .0013208    -.04894  -.00448
  MAR   8  51611  .068866  .359611  .2970859    .0013954    -.04919  -.00462
  MAR   9  51612  .069273  .359242  .2956956    .0013780    -.04947  -.00472
  MAR  10  51613  .070260  .358815  .2943538    .0013160    -.04970  -.00485
  MAR  11  51614  .071678  .358656  .2930815    .0012190    -.04987  -.00500
  MAR  12  51615  .073059  .358644  .2919233    .0010742    -.04988  -.00502
  MAR  13  51616  .073937  .358474  .2909284    .0009187    -.04977  -.00510
  MAR  14  51617  .074413  .357919  .2900698    .0008130    -.04950  -.00512
  MAR  15  51618  .074645  .357162  .2892786    .0007770    -.04915  -.00507
  MAR  16  51619  .074750  .356278  .2884908    .0008110    -.04880  -.00506
  MAR  17  51620  .074572  .355454  .2876381    .0008874    -.04839  -.00502
  MAR  18  51621  .074256  .354755  .2867103    .0009503    -.04805  -.00508
  MAR  19  51622  .073984  .353930  .2857463    .0009932    -.04787  -.00516
  MAR  20  51623  .073773  .353096  .2847439    .0010345    -.04779  -.00529
  MAR  21  51624  .073815  .352604  .2837018    .0010661    -.04786  -.00549
  MAR  22  51625  .073993  .352129  .2826335    .0010609    -.04800  -.00565
  MAR  23  51626  .073978  .351511  .2815945    .0009708    -.04823  -.00586
  MAR  24  51627  .073906  .351016  .2806987    .0008173    -.04841  -.00600
  MAR  25  51628  .073758  .350448  .2799592    .0006729    -.04852  -.00605
  MAR  26  51629  .073378  .349585  .2793456    .0005134    -.04858  -.00606
  MAR  27  51630  .073099  .348631  .2789199    .0003905    -.04854  -.00601
  MAR  28  51631  .072820  .347939  .2785485    .0004001    -.04847  -.00591
  MAR  29  51632  .072689  .347188  .2781022    .0004472    -.04825  -.00584
  MAR  30  51633  .073378  .346412  .2776370    .0004657    -.04794  -.00562
  MAR  31  51634  .074466  .346077  .2771556    .0005514    -.04759  -.00547
  APR   1  51635  .075210  .345971  .2765223    .0007401    -.04731  -.00543
  APR   2  51636  .075726  .346094  .2756691    .0009728    -.04707  -.00533
  APR   3  51637  .076467  .346509  .2745790    .0011919    -.04702  -.00538
  APR   4  51638  .077050  .346864  .2732988    .0013334    -.04709  -.00550
  APR   5  51639  .077067  .346943  .2719361    .0013506    -.04719  -.00558
  APR   6  51640  .077059  .346753  .2706263    .0012688    -.04748  -.00581
  APR   7  51641  .077311  .346292  .2694236    .0011534    -.04780  -.00595
  APR   8  51642  .077599  .345733  .2683333    .0010159    -.04806  -.00619
  APR   9  51643  .077807  .345113  .2673905    .0008777    -.04818  -.00628
  APR  10  51644  .078188  .344282  .2665629    .0007985    -.04822  -.00632
  APR  11  51645  .079098  .343588  .2657699    .0007962    -.04806  -.00639
  APR  12  51646  .080352  .343324  .2649452    .0008559    -.04787  -.00640
  APR  13  51647  .081435  .343365  .2640380    .0009868    -.04761  -.00627
  APR  14  51648  .081987  .343571  .2629618    .0011616    -.04741  -.00622
  APR  15  51649  .082092  .343853  .2617175    .0013102    -.04738  -.00609
  APR  16  51650  .082114  .344082  .2603556    .0014256    -.04748  -.00611
  APR  17  51651  .082279  .344155  .2588875    .0014709    -.04765  -.00608
  APR  18  51652  .082432  .344096  .2574359    .0014348    -.04800  -.00612
  APR  19  51653  .082287  .343745  .2560360    .0013389    -.04827  -.00622
  APR  20  51654  .082357  .343124  .2547689    .0011757    -.04860  -.00636
  APR  21  51655  .082575  .342497  .2536875    .0010513    -.04877  -.00660
  APR  22  51656  .082555  .341735  .2526622    .0009836    -.04877  -.00673
  APR  23  51657  .082832  .340851  .2517103    .0008659    -.04876  -.00690
  APR  24  51658  .083437  .340136  .2509158    .0007118    -.04849  -.00692
  APR  25  51659  .084162  .339631  .2502691    .0006427    -.04825  -.00687
  APR  26  51660  .084987  .339260  .2496128    .0006450    -.04790  -.00666
  APR  27  51661  .085843  .338867  .2489635    .0006961    -.04769  -.00642
  APR  28  51662  .086633  .338562  .2482077    .0008706    -.04745  -.00617
  APR  29  51663  .087448  .338305  .2472134    .0010685    -.04727  -.00606
  APR  30  51664  .088338  .337863  .2460678    .0012451    -.04730  -.00589
  MAY   1  51665  .089049  .337395  .2447294    .0014139    -.04737  -.00589
  MAY   2  51666  .089645  .337066  .2432574    .0015058    -.04760  -.00595
  MAY   3  51667  .089996  .336702  .2417451    .0015203    -.04783  -.00616
  MAY   4  51668  .089862  .336074  .2402471    .0014635    -.04811  -.00641
  MAY   5  51669  .089485  .334927  .2388412    .0013185    -.04832  -.00655
  MAY   6  51670  .089060  .333797  .2376176    .0011109    -.04848  -.00676
  MAY   7  51671  .088532  .332914  .2366092    .0009173    -.04854  -.00692
  MAY   8  51672  .087951  .331860  .2357596    .0008181    -.04857  -.00691
  MAY   9  51673  .087533  .330828  .2349461    .0008450    -.04855  -.00693
  MAY  10  51674  .087268  .330132  .2340475    .0009586    -.04844  -.00681
  MAY  11  51675  .087393  .329750  .2330174    .0010724    -.04839  -.00667
  MAY  12  51676  .088066  .329578  .2319034    .0011506    -.04841  -.00653
  MAY  13  51677  .088873  .329573  .2307272    .0012335    -.04848  -.00633
  MAY  14  51678  .089485  .329684  .2294542    .0013057    -.04863  -.00628
  MAY  15  51679  .090049  .329610  .2281356    .0012744    -.04879  -.00620
  MAY  16  51680  .090540  .329175  .2269233    .0011368    -.04900  -.00628
  MAY  17  51681  .090883  .328461  .2258743    .0010138    -.04928  -.00651
  MAY  18  51682  .091408  .327710  .2249011    .0009372    -.04940  -.00666
  MAY  19  51683  .092275  .327103  .2239985    .0008220    -.04955  -.00689
  MAY  20  51684  .093246  .326576  .2232496    .0006598    -.04957  -.00708
  MAY  21  51685  .094055  .326122  .2226663    .0005383    -.04951  -.00722
  MAY  22  51686  .094521  .325662  .2221568    .0004986    -.04935  -.00729
  MAY  23  51687  .094648  .324714  .2216513    .0005138    -.04906  -.00720
  MAY  24  51688  .094805  .323433  .2211128    .0005525    -.04881  -.00707
  MAY  25  51689  .095328  .322379  .2205330    .0005764    -.04862  -.00692
  MAY  26  51690  .096167  .321504  .2199509    .0006109    -.04849  -.00669
  MAY  27  51691  .097324  .320787  .2193064    .0007228    -.04849  -.00650
  MAY  28  51692  .098901  .320120  .2185066    .0008409    -.04865  -.00638
  MAY  29  51693  .100713  .319390  .2176345    .0008904    -.04881  -.00642
  MAY  30  51694  .102342  .318683  .2167457    .0009304    -.04907  -.00642
  MAY  31  51695  .103741  .318052  .2158012    .0009282    -.04930  -.00656
  JUN   1  51696  .105008  .317355  .2149167    .0008187    -.04947  -.00670
  JUN   2  51697  .106327  .316517  .2141809    .0006829    -.04957  -.00683
  JUN   3  51698  .107695  .315504  .2135504    .0005374    -.04965  -.00690
  JUN   4  51699  .108764  .314494  .2130878    .0004248    -.04969  -.00682
  JUN   5  51700  .109776  .313540  .2126727    .0004309    -.04964  -.00676
  JUN   6  51701  .110873  .312624  .2121996    .0005379    -.04959  -.00656
  JUN   7  51702  .111866  .311873  .2115814    .0006882    -.04959  -.00642
  JUN   8  51703  .112448  .311120  .2108226    .0008259    -.04976  -.00627
  JUN   9  51704  .112510  .310186  .2099415    .0009152    -.04988  -.00616
  JUN  10  51705  .112467  .308972  .2090109    .0009018    -.05021  -.00599
  JUN  11  51706  .112678  .307458  .2081577    .0008381    -.05058  -.00599
  JUN  12  51707  .113144  .306068  .2073518    .0007291    -.05091  -.00605
  JUN  13  51708  .113465  .304880  .2067112    .0005558    -.05134  -.00617
  JUN  14  51709  .113608  .303657  .2062459    .0003583    -.05161  -.00631
  JUN  15  51710  .113610  .302490  .2059944    .0001161    -.05182  -.00645
  JUN  16  51711  .113118  .301313  .2060077   -.0000557    -.05187  -.00666
  JUN  17  51712  .112157  .300261  .2060949   -.0000898    -.05193  -.00672
  JUN  18  51713  .110990  .299211  .2061727   -.0001356    -.05196  -.00681
  JUN  19  51714  .109861  .297712  .2063494   -.0002225    -.05194  -.00673
  JUN  20  51715  .108860  .296017  .2066010   -.0001916    -.05204  -.00661
  JUN  21  51716  .108130  .294351  .2067184   -.0000318    -.05209  -.00637
  JUN  22  51717  .107763  .292573  .2066551    .0000731    -.05232  -.00623
  JUN  23  51718  .107652  .290787  .2065676    .0001171    -.05258  -.00603
  JUN  24  51719  .107851  .289203  .2064216    .0002325    -.05293  -.00588
  JUN  25  51720  .108183  .287900  .2061089    .0003608    -.05330  -.00580
  JUN  26  51721  .108519  .286684  .2057134    .0004086    -.05360  -.00579
  JUN  27  51722  .108967  .285310  .2053123    .0004404    -.05388  -.00591
  JUN  28  51723  .109502  .284012  .2048573    .0004336    -.05400  -.00596
  JUN  29  51724  .110003  .282868  .2044662    .0003191    -.05405  -.00619
  JUN  30  51725  .110187  .281563  .2042276    .0001961    -.05396  -.00639
  JUL   1  51726  .110145  .280029  .2040644    .0001049    -.05380  -.00652
  JUL   2  51727  .109954  .278623  .2039928    .0000266    -.05364  -.00659
  JUL   3  51728  .109509  .277410  .2039811    .0000261    -.05356  -.00670
  JUL   4  51729  .108955  .276342  .2039181    .0001513    -.05361  -.00666
  JUL   5  51730  .108196  .275467  .2036722    .0003681    -.05382  -.00662
  JUL   6  51731  .107382  .274684  .2031924    .0005700    -.05419  -.00649
  JUL   7  51732  .106983  .273895  .2025536    .0006615    -.05449  -.00640
  JUL   8  51733  .106807  .273238  .2018932    .0006490    -.05496  -.00638
  JUL   9  51734  .106323  .272711  .2012757    .0005919    -.05531  -.00632
  JUL  10  51735  .105454  .272069  .2007227    .0005138    -.05558  -.00632
  JUL  11  51736  .104470  .271294  .2002538    .0004107    -.05570  -.00636
  JUL  12  51737  .103633  .270381  .1999005    .0002801    -.05566  -.00651
  JUL  13  51738  .102910  .269250  .1996876    .0001406    -.05566  -.00663
  JUL  14  51739  .102160  .268109  .1996089    .0000362    -.05555  -.00670
  JUL  15  51740  .101209  .267030  .1996015   -.0000551    -.05538  -.00672
  JUL  16  51741  .100119  .265851  .1997033   -.0001624    -.05534  -.00676
  JUL  17  51742  .099243  .264823  .1999098   -.0002275    -.05539  -.00665
  JUL  18  51743  .098292  .263897  .2001435   -.0002092    -.05559  -.00651
  JUL  19  51744  .097141  .262901  .2003175   -.0001397    -.05596  -.00637
  JUL  20  51745  .096028  .261596  .2004179   -.0000925    -.05648  -.00625
  JUL  21  51746  .094873  .260176  .2005036   -.0000758    -.05701  -.00609
  JUL  22  51747  .093448  .259058  .2005763   -.0000164    -.05758  -.00599
  JUL  23  51748  .092076  .258099  .2005484    .0000809    -.05801  -.00595
  JUL  24  51749  .091256  .257026  .2004307    .0001245    -.05834  -.00597
  JUL  25  51750  .090802  .256129  .2003188    .0000864    -.05851  -.00611
  JUL  26  51751  .090430  .255643  .2002764    .0000237    -.05851  -.00625
  JUL  27  51752  .090214  .255143  .2002828   -.0000307    -.05847  -.00646
  JUL  28  51753  .089819  .254557  .2003358   -.0001117    -.05822  -.00662
  JUL  29  51754  .089099  .253979  .2004881   -.0001733    -.05806  -.00671
  JUL  30  51755  .088318  .253211  .2006535   -.0001414    -.05784  -.00673
  JUL  31  51756  .087569  .252403  .2007426   -.0000286    -.05774  -.00681
  AUG   1  51757  .086892  .251758  .2006952    .0001376    -.05780  -.00676
  AUG   2  51758  .086339  .251187  .2004708    .0003125    -.05802  -.00663
  AUG   3  51759  .085860  .250736  .2000905    .0003914    -.05829  -.00642
  AUG   4  51760  .085311  .250313  .1997166    .0003956    -.05864  -.00628
  AUG   5  51761  .084598  .249678  .1993260    .0003650    -.05900  -.00620
  AUG   6  51762  .083892  .249059  .1990054    .0002556    -.05941  -.00619
  AUG   7  51763  .083199  .248586  .1988235    .0001059    -.05958  -.00622
  AUG   8  51764  .082268  .248181  .1987935   -.0000366    -.05959  -.00636
  AUG   9  51765  .081174  .247775  .1988903   -.0001508    -.05954  -.00659
  AUG  10  51766  .079979  .247537  .1990838   -.0002279    -.05926  -.00679
  AUG  11  51767  .078361  .247218  .1993318   -.0002571    -.05900  -.00692
  AUG  12  51768  .076597  .246454  .1995818   -.0002372    -.05864  -.00699
  AUG  13  51769  .075077  .245659  .1997895   -.0001847    -.05835  -.00689
  AUG  14  51770  .073676  .245127  .1999359   -.0001090    -.05820  -.00676
  AUG  15  51771  .072607  .244591  .1999953    .0000094    -.05822  -.00661
  AUG  16  51772  .071994  .244181  .1999101    .0001825    -.05840  -.00639
  AUG  17  51773  .071312  .244128  .1996304    .0003578    -.05870  -.00610
  AUG  18  51774  .070351  .244192  .1992017    .0004842    -.05916  -.00598
  AUG  19  51775  .069079  .244146  .1986757    .0005874    -.05962  -.00593
  AUG  20  51776  .067512  .244016  .1980445    .0006786    -.06008  -.00593
  AUG  21  51777  .065838  .243876  .1973369    .0007113    -.06041  -.00596
  AUG  22  51778  .063946  .243676  .1966380    .0006548    -.06066  -.00611
  AUG  23  51779  .062072  .243453  .1960376    .0005404    -.06066  -.00623
  AUG  24  51780  .060539  .243106  .1955574    .0004484    -.06064  -.00631
  AUG  25  51781  .059067  .242769  .1951279    .0004226    -.06047  -.00642
  AUG  26  51782  .057383  .242756  .1946876    .0004384    -.06033  -.00646
  AUG  27  51783  .055548  .242710  .1942219    .0004952    -.06029  -.00635
  AUG  28  51784  .053765  .242484  .1936743    .0006235    -.06039  -.00621
  AUG  29  51785  .052219  .242207  .1929678    .0007984    -.06056  -.00597
  AUG  30  51786  .051050  .241839  .1920897    .0009324    -.06089  -.00575
  AUG  31  51787  .050047  .241699  .1911301    .0009587    -.06132  -.00569
  SEP   1  51788  .048996  .241834  .1902042    .0009186    -.06159  -.00559
  SEP   2  51789  .047867  .241902  .1893197    .0008524    -.06182  -.00565
  SEP   3  51790  .046608  .241929  .1885153    .0007186    -.06184  -.00577
  SEP   4  51791  .045124  .242049  .1878870    .0004979    -.06171  -.00591
  SEP   5  51792  .043370  .242120  .1875145    .0002532    -.06141  -.00615
  SEP   6  51793  .041299  .242148  .1873693    .0000866    -.06106  -.00646
  SEP   7  51794  .038956  .241984  .1873259    .0000221    -.06062  -.00662
  SEP   8  51795  .036654  .241588  .1873076   -.0000480    -.06015  -.00670
  SEP   9  51796  .034222  .241117  .1874043   -.0000857    -.05983  -.00673
  SEP  10  51797  .031860  .240520  .1874628   -.0000087    -.05964  -.00661
  SEP  11  51798  .029853  .240068  .1874084    .0000934    -.05970  -.00636
  SEP  12  51799  .027775  .239730  .1872671    .0001830    -.05992  -.00612
  SEP  13  51800  .025176  .239554  .1870395    .0003151    -.06029  -.00592
  SEP  14  51801  .022166  .239664  .1866418    .0005019    -.06065  -.00568
  SEP  15  51802  .019230  .239770  .1860488    .0006581    -.06101  -.00560
  SEP  16  51803  .016922  .239796  .1853453    .0007346    -.06131  -.00559
  SEP  17  51804  .015185  .239962  .1846018    .0007270    -.06138  -.00562
  SEP  18  51805  .013702  .240447  .1839105    .0006365    -.06129  -.00566
  SEP  19  51806  .012269  .241181  .1833402    .0005121    -.06104  -.00570
  SEP  20  51807  .010585  .242113  .1828867    .0004157    -.06065  -.00579
  SEP  21  51808  .008724  .243056  .1824972    .0003574    -.06009  -.00582
  SEP  22  51809  .006911  .243552  .1821501    .0003639    -.05963  -.00579
  SEP  23  51810  .005413  .243512  .1817420    .0004342    -.05925  -.00569
  SEP  24  51811  .004183  .243407  .1812564    .0005364    -.05900  -.00566
  SEP  25  51812  .002939  .243414  .1806545    .0006937    -.05892  -.00551
  SEP  26  51813  .001721  .243522  .1798712    .0008994    -.05900  -.00528
  SEP  27  51814  .000672  .243963  .1788749    .0010855    -.05921  -.00510
  SEP  28  51815 -.000602  .244615  .1777303    .0011544    -.05937  -.00498
  SEP  29  51816 -.002347  .245484  .1765972    .0010732    -.05962  -.00493
  SEP  30  51817 -.004223  .246342  .1756075    .0009503    -.05979  -.00493
  OCT   1  51818 -.005819  .246966  .1747083    .0008382    -.05981  -.00497
  OCT   2  51819 -.007296  .247634  .1739315    .0006614    -.05966  -.00511
  OCT   3  51820 -.009169  .248323  .1733769    .0004348    -.05935  -.00523
  OCT   4  51821 -.011181  .248870  .1730473    .0002722    -.05893  -.00541
  OCT   5  51822 -.013050  .249390  .1728143    .0002271    -.05857  -.00552
  OCT   6  51823 -.014671  .249927  .1725740    .0002481    -.05813  -.00546
  OCT   7  51824 -.016146  .250312  .1723002    .0003482    -.05778  -.00545
  OCT   8  51825 -.017646  .250516  .1718628    .0005243    -.05769  -.00531
  OCT   9  51826 -.019100  .250929  .1712409    .0006873    -.05767  -.00517
  OCT  10  51827 -.020525  .251846  .1704827    .0008337    -.05789  -.00495
  OCT  11  51828 -.021790  .253118  .1695746    .0010136    -.05813  -.00479
  OCT  12  51829 -.022925  .254698  .1684648    .0011664    -.05850  -.00459
  OCT  13  51830 -.024371  .256426  .1672599    .0013020    -.05872  -.00446
  OCT  14  51831 -.026233  .257913  .1658850    .0014137    -.05894  -.00437
  OCT  15  51832 -.028274  .259151  .1644572    .0013624    -.05891  -.00432
  OCT  16  51833 -.030368  .260224  .1631778    .0011693    -.05871  -.00436
  OCT  17  51834 -.032245  .261069  .1621233    .0009989    -.05836  -.00446
  OCT  18  51835 -.033945  .261822  .1611701    .0009551    -.05781  -.00452
  OCT  19  51836 -.035655  .262638  .1601918    .0009164    -.05734  -.00460
  OCT  20  51837 -.037414  .263506  .1593101    .0008664    -.05693  -.00453
  OCT  21  51838 -.039155  .264417  .1584334    .0009727    -.05663  -.00450
  OCT  22  51839 -.040625  .265412  .1573474    .0012084    -.05650  -.00436
  OCT  23  51840 -.042050  .266767  .1560128    .0014070    -.05663  -.00422
  OCT  24  51841 -.043344  .268373  .1545446    .0015017    -.05690  -.00412
  OCT  25  51842 -.044327  .269951  .1530328    .0015510    -.05725  -.00398
  OCT  26  51843 -.045523  .271649  .1514715    .0015749    -.05762  -.00391
  OCT  27  51844 -.047003  .273437  .1499095    .0015297    -.05781  -.00389
  OCT  28  51845 -.048340  .274931  .1484299    .0013777    -.05788  -.00382
  OCT  29  51846 -.049293  .276359  .1471606    .0011903    -.05779  -.00387
  OCT  30  51847 -.050103  .278258  .1460454    .0010844    -.05744  -.00390
  OCT  31  51848 -.051186  .280527  .1449801    .0010056    -.05695  -.00389
  NOV   1  51849 -.052447  .282651  .1440178    .0008590    -.05639  -.00402
  NOV   2  51850 -.053762  .284295  .1432428    .0007850    -.05583  -.00398
  NOV   3  51851 -.055125  .285949  .1424287    .0008258    -.05535  -.00399
  NOV   4  51852 -.056424  .287657  .1415744    .0008733    -.05500  -.00405
  NOV   5  51853 -.057723  .289251  .1406696    .0009353    -.05482  -.00401
  NOV   6  51854 -.059220  .291140  .1396964    .0010210    -.05501  -.00398
  NOV   7  51855 -.060755  .293414  .1386256    .0011309    -.05531  -.00400
  NOV   8  51856 -.062219  .295666  .1374391    .0012433    -.05568  -.00398
  NOV   9  51857 -.063723  .297659  .1361513    .0013297    -.05613  -.00393
  NOV  10  51858 -.065086  .299374  .1348004    .0013582    -.05659  -.00383
  NOV  11  51859 -.066018  .300594  .1334610    .0012919    -.05681  -.00367
  NOV  12  51860 -.066297  .301693  .1322408    .0011285    -.05686  -.00361
  NOV  13  51861 -.066459  .303299  .1312176    .0009269    -.05665  -.00344
  NOV  14  51862 -.067395  .305263  .1303841    .0007574    -.05623  -.00331
  NOV  15  51863 -.069165  .307055  .1296838    .0006434    -.05566  -.00322
  NOV  16  51864 -.071217  .308472  .1290693    .0005972    -.05502  -.00306
  NOV  17  51865 -.073124  .309805  .1284616    .0006295    -.05448  -.00295
  NOV  18  51866 -.074712  .311497  .1277915    .0007399    -.05399  -.00281
  NOV  19  51867 -.075662  .313438  .1269763    .0009027    -.05367  -.00256
  NOV  20  51868 -.075866  .315608  .1259943    .0010606    -.05370  -.00235
  NOV  21  51869 -.075789  .317974  .1248739    .0011689    -.05373  -.00219
  NOV  22  51870 -.075848  .320273  .1236811    .0012003    -.05420  -.00209
  NOV  23  51871 -.076138  .322291  .1224977    .0011491    -.05473  -.00196
  NOV  24  51872 -.076566  .324099  .1214016    .0010269    -.05515  -.00198
  NOV  25  51873 -.077079  .325858  .1204535    .0008645    -.05531  -.00212
  NOV  26  51874 -.077780  .327649  .1196727    .0007012    -.05520  -.00236
  NOV  27  51875 -.078491  .329570  .1190432    .0005698    -.05485  -.00257
  NOV  28  51876 -.079056  .331454  .1185191    .0004901    -.05420  -.00282
  NOV  29  51877 -.079311  .333261  .1180455    .0004859    -.05364  -.00300
  NOV  30  51878 -.079551  .335100  .1175284    .0005467    -.05302  -.00303
  DEC   1  51879 -.080075  .336953  .1169346    .0006093    -.05263  -.00290
  DEC   2  51880 -.080602  .338668  .1162958    .0007336    -.05250  -.00266
  DEC   3  51881 -.080714  .340496  .1154586    .0009028    -.05243  -.00232
  DEC   4  51882 -.080788  .342206  .1144867    .0010077    -.05270  -.00212
  DEC   5  51883 -.081140  .343818  .1134450    .0011055    -.05306  -.00188
  DEC   6  51884 -.081742  .345447  .1122833    .0012595    -.05352  -.00171
  DEC   7  51885 -.082262  .346954  .1109405    .0013755    -.05392  -.00179
