 

                   INTERNATIONAL EARTH ROTATION SERVICE
                        EARTH ROTATION PARAMETERS
                          EOP (IERS) C 04

  
             FORMAT(2X,A4,I3,2X,I5,2F9.6,F10.7,2X,F10.7,2X,2F9.5)
******************************************************************************
  
    Date    MJD      x        y      UT1-UTC       LOD        dPsi   dEpsilon
                     "        "         s           s          "         "
     (0h UTC)
 
  
  YEAR ==> 1999

  JAN   1  51179  .138463  .295660  .7168781    .0009169    -.04681  -.00271
  JAN   2  51180  .137741  .293600  .7158728    .0010166    -.04644  -.00261
  JAN   3  51181  .137591  .291712  .7148242    .0009626    -.04621  -.00265
  JAN   4  51182  .137311  .290351  .7139328    .0008331    -.04607  -.00284
  JAN   5  51183  .136707  .289091  .7131523    .0008244    -.04599  -.00330
  JAN   6  51184  .136349  .287761  .7122867    .0009630    -.04587  -.00376
  JAN   7  51185  .136279  .287046  .7112342    .0010764    -.04591  -.00415
  JAN   8  51186  .136093  .286646  .7101437    .0010677    -.04595  -.00439
  JAN   9  51187  .135767  .286224  .7091087    .0010603    -.04602  -.00449
  JAN  10  51188  .134941  .285763  .7080321    .0010800    -.04614  -.00426
  JAN  11  51189  .133531  .285003  .7069556    .0010099    -.04635  -.00398
  JAN  12  51190  .131474  .283639  .7060159    .0008623    -.04661  -.00363
  JAN  13  51191  .129241  .281821  .7052306    .0007651    -.04699  -.00326
  JAN  14  51192  .126927  .280053  .7044814    .0007145    -.04734  -.00307
  JAN  15  51193  .124923  .278020  .7037933    .0006379    -.04779  -.00302
  JAN  16  51194  .122877  .276078  .7031936    .0005733    -.04802  -.00320
  JAN  17  51195  .120623  .274449  .7026312    .0005504    -.04811  -.00342
  JAN  18  51196  .118880  .272919  .7020761    .0005731    -.04793  -.00360
  JAN  19  51197  .117600  .271488  .7014705    .0006687    -.04740  -.00375
  JAN  20  51198  .116562  .270081  .7007309    .0008407    -.04664  -.00361
  JAN  21  51199  .116085  .268723  .6997910    .0010507    -.04572  -.00332
  JAN  22  51200  .116155  .267565  .6986416    .0012139    -.04487  -.00288
  JAN  23  51201  .116340  .266455  .6973826    .0013041    -.04434  -.00251
  JAN  24  51202  .116042  .265504  .6960559    .0014096    -.04433  -.00240
  JAN  25  51203  .115163  .264433  .6945846    .0014371    -.04489  -.00263
  JAN  26  51204  .113955  .263199  .6931971    .0012915    -.04579  -.00297
  JAN  27  51205  .112864  .262234  .6920068    .0011767    -.04672  -.00361
  JAN  28  51206  .111588  .261446  .6908372    .0011510    -.04783  -.00419
  JAN  29  51207  .110545  .260638  .6896886    .0011417    -.04726  -.00422
  JAN  30  51208  .109471  .259639  .6885332    .0011657    -.04681  -.00398
  JAN  31  51209  .108136  .258617  .6873393    .0012089    -.04673  -.00378
  FEB   1  51210  .106659  .257444  .6861055    .0012485    -.04690  -.00375
  FEB   2  51211  .105053  .256069  .6848421    .0012840    -.04693  -.00400
  FEB   3  51212  .103478  .254687  .6835447    .0013226    -.04642  -.00438
  FEB   4  51213  .101800  .253425  .6822079    .0013459    -.04633  -.00460
  FEB   5  51214  .100764  .252439  .6808647    .0013323    -.04650  -.00468
  FEB   6  51215  .100387  .252260  .6795539    .0012950    -.04645  -.00473
  FEB   7  51216  .099717  .252404  .6782831    .0012470    -.04640  -.00484
  FEB   8  51217  .098403  .252279  .6770651    .0011750    -.04651  -.00478
  FEB   9  51218  .096581  .252152  .6759340    .0010774    -.04675  -.00462
  FEB  10  51219  .094634  .252117  .6749064    .0010013    -.04723  -.00434
  FEB  11  51220  .092529  .251316  .6739232    .0009329    -.04721  -.00451
  FEB  12  51221  .090637  .250195  .6730289    .0008661    -.04674  -.00491
  FEB  13  51222  .089150  .249384  .6721763    .0009181    -.04650  -.00525
  FEB  14  51223  .087906  .248367  .6711756    .0010333    -.04637  -.00534
  FEB  15  51224  .086842  .247439  .6700926    .0011333    -.04629  -.00520
  FEB  16  51225  .085706  .246955  .6688966    .0012649    -.04618  -.00496
  FEB  17  51226  .084605  .246787  .6675604    .0014260    -.04602  -.00474
  FEB  18  51227  .082847  .246714  .6660549    .0016055    -.04565  -.00459
  FEB  19  51228  .080798  .246549  .6643712    .0017094    -.04532  -.00459
  FEB  20  51229  .079376  .246043  .6626638    .0016732    -.04525  -.00466
  FEB  21  51230  .078473  .245493  .6610504    .0016015    -.04545  -.00468
  FEB  22  51231  .078199  .245232  .6594781    .0015104    -.04591  -.00483
  FEB  23  51232  .078148  .244983  .6580353    .0013308    -.04639  -.00497
  FEB  24  51233  .077660  .244732  .6568104    .0011563    -.04693  -.00507
  FEB  25  51234  .076499  .244397  .6557073    .0010280    -.04708  -.00512
  FEB  26  51235  .074964  .243863  .6547340    .0009011    -.04702  -.00530
  FEB  27  51236  .073158  .243194  .6538855    .0008646    -.04681  -.00542
  FEB  28  51237  .071389  .242442  .6529910    .0009216    -.04642  -.00549
  MAR   1  51238  .070040  .241851  .6520377    .0009586    -.04610  -.00555
  MAR   2  51239  .068967  .241587  .6510781    .0009460    -.04584  -.00561
  MAR   3  51240  .068153  .241521  .6501561    .0009270    -.04582  -.00572
  MAR   4  51241  .067488  .241643  .6492369    .0009847    -.04608  -.00568
  MAR   5  51242  .066615  .242092  .6481991    .0010564    -.04644  -.00581
  MAR   6  51243  .065504  .242450  .6471344    .0009762    -.04673  -.00580
  MAR   7  51244  .064410  .242574  .6462539    .0008493    -.04689  -.00583
  MAR   8  51245  .063343  .242552  .6454391    .0007948    -.04689  -.00588
  MAR   9  51246  .062123  .242393  .6446623    .0007403    -.04662  -.00581
  MAR  10  51247  .060968  .242017  .6439515    .0006924    -.04622  -.00579
  MAR  11  51248  .059926  .241609  .6432661    .0006961    -.04566  -.00582
  MAR  12  51249  .058809  .241294  .6425451    .0007453    -.04530  -.00578
  MAR  13  51250  .057580  .240926  .6417589    .0008305    -.04503  -.00588
  MAR  14  51251  .056194  .240403  .6408662    .0009745    -.04500  -.00594
  MAR  15  51252  .054646  .239853  .6397934    .0011542    -.04493  -.00600
  MAR  16  51253  .053004  .239672  .6385482    .0013214    -.04493  -.00617
  MAR  17  51254  .051089  .239157  .6371532    .0014811    -.04484  -.00620
  MAR  18  51255  .049721  .238733  .6356037    .0015954    -.04491  -.00628
  MAR  19  51256  .049059  .238919  .6339921    .0016382    -.04495  -.00643
  MAR  20  51257  .048314  .239441  .6323603    .0016687    -.04520  -.00674
  MAR  21  51258  .047298  .239977  .6306810    .0016568    -.04541  -.00688
  MAR  22  51259  .046530  .240483  .6290590    .0015428    -.04555  -.00702
  MAR  23  51260  .045652  .240987  .6275924    .0013699    -.04553  -.00694
  MAR  24  51261  .044068  .241403  .6263042    .0012190    -.04540  -.00681
  MAR  25  51262  .042046  .241382  .6251332    .0011559    -.04513  -.00651
  MAR  26  51263  .039336  .241363  .6239714    .0011695    -.04470  -.00635
  MAR  27  51264  .036284  .241433  .6227780    .0012101    -.04437  -.00624
  MAR  28  51265  .033733  .241201  .6215428    .0012845    -.04399  -.00629
  MAR  29  51266  .031772  .240849  .6202092    .0013595    -.04388  -.00655
  MAR  30  51267  .029951  .240853  .6188312    .0013839    -.04382  -.00684
  MAR  31  51268  .028055  .241096  .6174531    .0013842    -.04386  -.00708
  APR   1  51269  .026062  .240991  .6160757    .0014071    -.04403  -.00719
  APR   2  51270  .023977  .240700  .6146503    .0014306    -.04425  -.00727
  APR   3  51271  .021890  .240255  .6132233    .0013590    -.04446  -.00719
  APR   4  51272  .020091  .239819  .6119376    .0012500    -.04461  -.00713
  APR   5  51273  .018683  .239571  .6107240    .0011831    -.04469  -.00707
  APR   6  51274  .017424  .239552  .6095668    .0011527    -.04483  -.00707
  APR   7  51275  .015877  .239926  .6084088    .0011364    -.04478  -.00712
  APR   8  51276  .013701  .240170  .6072806    .0010935    -.04481  -.00720
  APR   9  51277  .011948  .240386  .6062062    .0010940    -.04471  -.00722
  APR  10  51278  .011024  .240694  .6050755    .0011783    -.04452  -.00719
  APR  11  51279  .010590  .241140  .6038325    .0013039    -.04440  -.00714
  APR  12  51280  .010288  .242033  .6024537    .0014935    -.04425  -.00711
  APR  13  51281  .009752  .243082  .6008394    .0017230    -.04413  -.00712
  APR  14  51282  .008896  .243873  .5990152    .0018650    -.04409  -.00728
  APR  15  51283  .008076  .244835  .5971323    .0019304    -.04415  -.00741
  APR  16  51284  .007417  .246300  .5951883    .0019425    -.04424  -.00760
  APR  17  51285  .006434  .247498  .5932817    .0018273    -.04419  -.00773
  APR  18  51286  .004879  .248343  .5915572    .0016754    -.04418  -.00788
  APR  19  51287  .003105  .248865  .5899370    .0015375    -.04411  -.00791
  APR  20  51288  .001607  .248929  .5884714    .0013889    -.04401  -.00789
  APR  21  51289  .000162  .248836  .5871380    .0012914    -.04385  -.00772
  APR  22  51290 -.001025  .248944  .5858654    .0012367    -.04410  -.00778
  APR  23  51291 -.002178  .249329  .5846461    .0012277    -.04433  -.00778
  APR  24  51292 -.003546  .250066  .5833996    .0012753    -.04430  -.00764
  APR  25  51293 -.005237  .250963  .5820935    .0013423    -.04413  -.00750
  APR  26  51294 -.006975  .251832  .5807200    .0014104    -.04383  -.00747
  APR  27  51295 -.008057  .252749  .5792825    .0014635    -.04364  -.00740
  APR  28  51296 -.008320  .253747  .5778048    .0014808    -.04361  -.00758
  APR  29  51297 -.008416  .254982  .5763324    .0014536    -.04356  -.00764
  APR  30  51298 -.008651  .256400  .5749073    .0013908    -.04361  -.00764
  MAY   1  51299 -.009258  .257725  .5735572    .0013050    -.04361  -.00768
  MAY   2  51300 -.010435  .258758  .5722998    .0012007    -.04374  -.00763
  MAY   3  51301 -.011905  .259444  .5711535    .0010741    -.04382  -.00764
  MAY   4  51302 -.013563  .259868  .5701441    .0009318    -.04399  -.00781
  MAY   5  51303 -.014870  .259903  .5692779    .0008047    -.04413  -.00791
  MAY   6  51304 -.015729  .260217  .5685196    .0007285    -.04419  -.00795
  MAY   7  51305 -.016406  .260959  .5678047    .0007351    -.04417  -.00793
  MAY   8  51306 -.017096  .261830  .5670333    .0008345    -.04409  -.00789
  MAY   9  51307 -.017904  .262682  .5661215    .0009859    -.04388  -.00785
  MAY  10  51308 -.018549  .263439  .5650515    .0011505    -.04383  -.00784
  MAY  11  51309 -.018868  .264341  .5638194    .0013173    -.04387  -.00788
  MAY  12  51310 -.019094  .265582  .5624290    .0014689    -.04414  -.00789
  MAY  13  51311 -.019245  .267071  .5609074    .0015727    -.04466  -.00797
  MAY  14  51312 -.019214  .268572  .5593174    .0015819    -.04526  -.00809
  MAY  15  51313 -.018957  .270031  .5577747    .0014698    -.04581  -.00813
  MAY  16  51314 -.018933  .271588  .5563952    .0012885    -.04618  -.00827
  MAY  17  51315 -.019417  .273239  .5551964    .0011311    -.04622  -.00817
  MAY  18  51316 -.019883  .274795  .5541158    .0010504    -.04587  -.00812
  MAY  19  51317 -.020170  .276011  .5530713    .0010400    -.04510  -.00800
  MAY  20  51318 -.020381  .276775  .5520143    .0010616    -.04410  -.00782
  MAY  21  51319 -.020437  .277451  .5509350    .0011280    -.04322  -.00759
  MAY  22  51320 -.020449  .278170  .5497549    .0012397    -.04270  -.00734
  MAY  23  51321 -.020495  .278918  .5484599    .0012917    -.04255  -.00731
  MAY  24  51322 -.020606  .279678  .5471804    .0012893    -.04293  -.00731
  MAY  25  51323 -.021151  .280284  .5458924    .0012931    -.04379  -.00748
  MAY  26  51324 -.022169  .280983  .5446052    .0012189    -.04475  -.00761
  MAY  27  51325 -.023097  .281510  .5434641    .0010527    -.04574  -.00770
  MAY  28  51326 -.023651  .282000  .5425065    .0009091    -.04659  -.00774
  MAY  29  51327 -.023972  .282755  .5416490    .0008327    -.04718  -.00778
  MAY  30  51328 -.024311  .283342  .5408400    .0007570    -.04731  -.00781
  MAY  31  51329 -.024661  .283833  .5401294    .0006283    -.04711  -.00780
  JUN   1  51330 -.025043  .284457  .5395731    .0005521    -.04664  -.00772
  JUN   2  51331 -.025804  .285298  .5390114    .0005852    -.04599  -.00768
  JUN   3  51332 -.026684  .286170  .5383867    .0006028    -.04522  -.00758
  JUN   4  51333 -.027306  .287132  .5377901    .0006378    -.04470  -.00744
  JUN   5  51334 -.027872  .288429  .5370978    .0007809    -.04434  -.00739
  JUN   6  51335 -.028490  .290028  .5362189    .0009364    -.04423  -.00737
  JUN   7  51336 -.029138  .291524  .5352218    .0010571    -.04445  -.00740
  JUN   8  51337 -.029653  .292716  .5341101    .0012222    -.04502  -.00748
  JUN   9  51338 -.030244  .293610  .5327938    .0013567    -.04576  -.00754
  JUN  10  51339 -.030830  .294041  .5314226    .0013689    -.04661  -.00755
  JUN  11  51340 -.031026  .294354  .5300859    .0013270    -.04731  -.00759
  JUN  12  51341 -.031293  .294977  .5287923    .0011704    -.04794  -.00763
  JUN  13  51342 -.031603  .295763  .5277537    .0009329    -.04832  -.00755
  JUN  14  51343 -.031675  .296671  .5269177    .0007740    -.04829  -.00751
  JUN  15  51344 -.031875  .297709  .5261842    .0006861    -.04802  -.00741
  JUN  16  51345 -.032699  .298657  .5255214    .0006262    -.04759  -.00735
  JUN  17  51346 -.033005  .299271  .5249142    .0006216    -.04696  -.00723
  JUN  18  51347 -.032904  .299777  .5242718    .0006843    -.04639  -.00719
  JUN  19  51348 -.032821  .300311  .5235494    .0007369    -.04609  -.00715
  JUN  20  51349 -.032553  .301064  .5228079    .0007382    -.04603  -.00724
  JUN  21  51350 -.032289  .301965  .5220852    .0007371    -.04637  -.00728
  JUN  22  51351 -.032255  .302856  .5213456    .0007068    -.04714  -.00739
  JUN  23  51352 -.032451  .303675  .5206816    .0005753    -.04806  -.00747
  JUN  24  51353 -.032301  .304466  .5202020    .0004235    -.04916  -.00739
  JUN  25  51354 -.031927  .305344  .5198380    .0003103    -.05020  -.00734
  JUN  26  51355 -.032025  .306383  .5195809    .0001785    -.05088  -.00727
  JUN  27  51356 -.032386  .307415  .5194762    .0000478    -.05112  -.00717
  JUN  28  51357 -.032618  .308226  .5194762   -.0000662    -.05096  -.00702
  JUN  29  51358 -.032656  .308833  .5195957   -.0001215    -.05040  -.00700
  JUN  30  51359 -.032350  .309375  .5197036   -.0001128    -.04980  -.00711
  JUL   1  51360 -.032177  .310005  .5198052   -.0000828    -.04942  -.00719
  JUL   2  51361 -.032075  .310773  .5198556   -.0000165    -.04930  -.00734
  JUL   3  51362 -.031685  .311736  .5198294    .0000624    -.04926  -.00741
  JUL   4  51363 -.031113  .313053  .5197285    .0002216    -.04944  -.00741
  JUL   5  51364 -.030428  .314621  .5193913    .0004507    -.04970  -.00728
  JUL   6  51365 -.029653  .316045  .5188399    .0006103    -.04996  -.00711
  JUL   7  51366 -.028939  .317272  .5181903    .0006722    -.05034  -.00681
  JUL   8  51367 -.028050  .318341  .5175193    .0006454    -.05070  -.00654
  JUL   9  51368 -.026999  .319499  .5169215    .0005447    -.05108  -.00618
  JUL  10  51369 -.026236  .320746  .5164429    .0004296    -.05140  -.00601
  JUL  11  51370 -.025587  .321911  .5160608    .0003342    -.05170  -.00600
  JUL  12  51371 -.024968  .323021  .5157588    .0002716    -.05184  -.00612
  JUL  13  51372 -.024643  .324250  .5154942    .0002655    -.05189  -.00647
  JUL  14  51373 -.024539  .325545  .5152064    .0003159    -.05182  -.00677
  JUL  15  51374 -.024775  .326669  .5148509    .0003984    -.05180  -.00714
  JUL  16  51375 -.025258  .327325  .5144103    .0004872    -.05174  -.00729
  JUL  17  51376 -.025673  .327852  .5138866    .0005519    -.05184  -.00727
  JUL  18  51377 -.025789  .328425  .5133208    .0005571    -.05206  -.00709
  JUL  19  51378 -.025685  .329013  .5127867    .0005049    -.05243  -.00698
  JUL  20  51379 -.025317  .329831  .5123228    .0004360    -.05297  -.00694
  JUL  21  51380 -.024780  .330707  .5119229    .0003715    -.05341  -.00705
  JUL  22  51381 -.024227  .331426  .5115842    .0002728    -.05381  -.00729
  JUL  23  51382 -.023604  .332051  .5113774    .0001602    -.05404  -.00733
  JUL  24  51383 -.023341  .332582  .5112593    .0001096    -.05411  -.00735
  JUL  25  51384 -.023661  .333033  .5111494    .0000403    -.05408  -.00721
  JUL  26  51385 -.023940  .333464  .5111665   -.0000551    -.05411  -.00711
  JUL  27  51386 -.023944  .333919  .5112448   -.0000478    -.05408  -.00705
  JUL  28  51387 -.023827  .334574  .5112459    .0000434    -.05426  -.00693
  JUL  29  51388 -.023500  .335520  .5111427    .0001252    -.05439  -.00699
  JUL  30  51389 -.022930  .336506  .5109844    .0002460    -.05469  -.00705
  JUL  31  51390 -.022333  .337474  .5106474    .0004697    -.05494  -.00714
  AUG   1  51391 -.021577  .338559  .5100510    .0006397    -.05518  -.00708
  AUG   2  51392 -.020752  .339583  .5093825    .0007302    -.05535  -.00700
  AUG   3  51393 -.019806  .340568  .5086107    .0008420    -.05546  -.00697
  AUG   4  51394 -.018594  .341436  .5077205    .0008553    -.05556  -.00699
  AUG   5  51395 -.017150  .342215  .5069192    .0006977    -.05570  -.00714
  AUG   6  51396 -.015707  .343259  .5063370    .0005123    -.05578  -.00728
  AUG   7  51397 -.014754  .344493  .5058954    .0003889    -.05581  -.00738
  AUG   8  51398 -.014125  .345679  .5055477    .0002757    -.05576  -.00752
  AUG   9  51399 -.013795  .346520  .5053233    .0001732    -.05559  -.00750
  AUG  10  51400 -.013528  .346953  .5051782    .0002088    -.05549  -.00741
  AUG  11  51401 -.013173  .347358  .5048890    .0003501    -.05542  -.00718
  AUG  12  51402 -.012727  .347729  .5044731    .0004215    -.05551  -.00704
  AUG  13  51403 -.012250  .348124  .5040530    .0004885    -.05596  -.00700
  AUG  14  51404 -.011753  .348681  .5035106    .0006150    -.05665  -.00711
  AUG  15  51405 -.011685  .349519  .5028399    .0006857    -.05731  -.00718
  AUG  16  51406 -.011636  .350643  .5021540    .0007004    -.05756  -.00731
  AUG  17  51407 -.011003  .351984  .5014498    .0006556    -.05745  -.00731
  AUG  18  51408 -.010217  .353140  .5008490    .0005607    -.05680  -.00714
  AUG  19  51409 -.009754  .354251  .5003299    .0004523    -.05628  -.00689
  AUG  20  51410 -.009308  .355381  .4999405    .0003108    -.05610  -.00661
  AUG  21  51411 -.008605  .356645  .4996997    .0002727    -.05630  -.00650
  AUG  22  51412 -.008176  .357988  .4993828    .0002942    -.05663  -.00652
  AUG  23  51413 -.008239  .358997  .4990966    .0002828    -.05708  -.00667
  AUG  24  51414 -.008426  .359919  .4988013    .0003200    -.05722  -.00707
  AUG  25  51415 -.008707  .360860  .4984403    .0004439    -.05699  -.00753
  AUG  26  51416 -.008528  .361563  .4978996    .0006600    -.05664  -.00789
  AUG  27  51417 -.008267  .362130  .4971129    .0008842    -.05634  -.00827
  AUG  28  51418 -.008147  .362689  .4961339    .0010568    -.05616  -.00839
  AUG  29  51419 -.007797  .363055  .4950137    .0011860    -.05613  -.00828
  AUG  30  51420 -.007251  .363511  .4937852    .0012507    -.05637  -.00804
  AUG  31  51421 -.006615  .364062  .4925384    .0012131    -.05672  -.00775
  SEP   1  51422 -.006395  .364546  .4913814    .0010904    -.05721  -.00739
  SEP   2  51423 -.006375  .364782  .4903705    .0009476    -.05754  -.00713
  SEP   3  51424 -.006175  .365040  .4894870    .0008229    -.05781  -.00695
  SEP   4  51425 -.005686  .365366  .4887140    .0007130    -.05788  -.00681
  SEP   5  51426 -.004826  .365802  .4880418    .0006521    -.05781  -.00671
  SEP   6  51427 -.003658  .366450  .4873872    .0006607    -.05748  -.00664
  SEP   7  51428 -.002415  .366963  .4867010    .0006928    -.05706  -.00663
  SEP   8  51429 -.001298  .367530  .4859912    .0007139    -.05659  -.00658
  SEP   9  51430 -.000431  .368267  .4852745    .0007450    -.05619  -.00664
  SEP  10  51431  .000077  .368926  .4845128    .0007913    -.05584  -.00674
  SEP  11  51432  .000409  .369447  .4837092    .0007925    -.05569  -.00678
  SEP  12  51433  .000820  .369999  .4829454    .0007288    -.05575  -.00690
  SEP  13  51434  .001594  .370533  .4822656    .0006404    -.05597  -.00697
  SEP  14  51435  .002502  .371384  .4816737    .0005473    -.05637  -.00710
  SEP  15  51436  .003100  .372497  .4811747    .0004409    -.05680  -.00714
  SEP  16  51437  .003519  .373175  .4807900    .0003317    -.05737  -.00708
  SEP  17  51438  .003891  .373549  .4805039    .0002692    -.05790  -.00708
  SEP  18  51439  .004254  .373914  .4802397    .0002814    -.05815  -.00702
  SEP  19  51440  .004442  .374344  .4799263    .0003373    -.05809  -.00690
  SEP  20  51441  .004530  .374857  .4795490    .0004374    -.05779  -.00691
  SEP  21  51442  .004813  .375325  .4790353    .0006019    -.05722  -.00688
  SEP  22  51443  .005351  .375558  .4783300    .0007839    -.05661  -.00703
  SEP  23  51444  .005518  .375763  .4774558    .0009572    -.05606  -.00710
  SEP  24  51445  .005252  .375885  .4764118    .0011021    -.05585  -.00711
  SEP  25  51446  .005040  .375722  .4752600    .0011671    -.05581  -.00718
  SEP  26  51447  .005017  .375788  .4740990    .0011807    -.05617  -.00712
  SEP  27  51448  .005217  .376081  .4729285    .0011584    -.05655  -.00711
  SEP  28  51449  .005581  .376627  .4718119    .0010384    -.05700  -.00704
  SEP  29  51450  .005849  .377397  .4708722    .0008812    -.05728  -.00689
  SEP  30  51451  .006136  .378209  .4700551    .0007868    -.05740  -.00662
  OCT   1  51452  .006417  .378994  .4692892    .0006983    -.05729  -.00640
  OCT   2  51453  .006605  .379830  .4686388    .0006358    -.05702  -.00622
  OCT   3  51454  .007151  .380685  .4679938    .0007101    -.05667  -.00607
  OCT   4  51455  .007874  .381479  .4671976    .0008689    -.05641  -.00607
  OCT   5  51456  .008477  .381940  .4662425    .0010276    -.05619  -.00613
  OCT   6  51457  .009216  .382546  .4651394    .0011827    -.05624  -.00619
  OCT   7  51458  .009911  .382738  .4638841    .0012879    -.05635  -.00627
  OCT   8  51459  .010472  .382414  .4625779    .0013286    -.05647  -.00629
  OCT   9  51460  .011304  .382302  .4612442    .0013499    -.05654  -.00618
  OCT  10  51461  .012341  .382559  .4598942    .0013226    -.05648  -.00614
  OCT  11  51462  .013305  .382777  .4586106    .0012047    -.05622  -.00595
  OCT  12  51463  .013912  .382721  .4574914    .0010674    -.05581  -.00589
  OCT  13  51464  .014195  .382699  .4564767    .0009901    -.05533  -.00594
  OCT  14  51465  .014077  .382639  .4555065    .0009071    -.05480  -.00605
  OCT  15  51466  .013715  .382581  .4546525    .0007918    -.05447  -.00611
  OCT  16  51467  .013703  .382573  .4539087    .0007278    -.05430  -.00611
  OCT  17  51468  .014041  .382405  .4531806    .0007391    -.05437  -.00614
  OCT  18  51469  .014542  .382226  .4524141    .0007935    -.05435  -.00613
  OCT  19  51470  .015063  .382269  .4515779    .0009021    -.05439  -.00608
  OCT  20  51471  .015750  .382577  .4505964    .0011027    -.05430  -.00594
  OCT  21  51472  .016423  .382833  .4493640    .0013625    -.05405  -.00573
  OCT  22  51473  .016801  .382969  .4478716    .0016081    -.05369  -.00558
  OCT  23  51474  .017171  .383019  .4461607    .0018068    -.05326  -.00540
  OCT  24  51475  .017799  .383179  .4442841    .0019142    -.05307  -.00527
  OCT  25  51476  .018396  .383478  .4423656    .0019024    -.05317  -.00520
  OCT  26  51477  .018908  .383680  .4405090    .0017952    -.05350  -.00534
  OCT  27  51478  .019483  .383584  .4387914    .0016075    -.05397  -.00548
  OCT  28  51479  .020065  .383240  .4372919    .0014045    -.05450  -.00558
  OCT  29  51480  .020372  .383079  .4359648    .0012754    -.05484  -.00572
  OCT  30  51481  .020532  .383027  .4347160    .0012241    -.05498  -.00579
  OCT  31  51482  .020811  .382826  .4334931    .0012546    -.05478  -.00571
  NOV   1  51483  .021311  .382446  .4321911    .0013342    -.05441  -.00558
  NOV   2  51484  .021996  .381908  .4308190    .0013986    -.05391  -.00543
  NOV   3  51485  .022643  .381385  .4293978    .0014626    -.05347  -.00520
  NOV   4  51486  .023253  .380949  .4279051    .0015095    -.05306  -.00491
  NOV   5  51487  .023759  .380404  .4263939    .0015061    -.05292  -.00478
  NOV   6  51488  .024135  .380022  .4249081    .0014764    -.05278  -.00462
  NOV   7  51489  .024427  .379641  .4234538    .0014135    -.05286  -.00451
  NOV   8  51490  .024500  .378884  .4220896    .0013369    -.05290  -.00455
  NOV   9  51491  .024846  .377886  .4207833    .0012889    -.05288  -.00459
  NOV  10  51492  .025632  .377158  .4195097    .0012297    -.05269  -.00462
  NOV  11  51493  .026765  .376464  .4183164    .0011466    -.05258  -.00470
  NOV  12  51494  .027755  .376141  .4172042    .0011019    -.05242  -.00462
  NOV  13  51495  .028453  .376560  .4160970    .0011359    -.05217  -.00467
  NOV  14  51496  .028960  .377358  .4149159    .0012177    -.05191  -.00457
  NOV  15  51497  .028828  .378068  .4136460    .0012997    -.05179  -.00453
  NOV  16  51498  .028575  .378255  .4123031    .0013908    -.05164  -.00438
  NOV  17  51499  .029201  .378255  .4108543    .0015277    -.05155  -.00426
  NOV  18  51500  .030332  .378229  .4092431    .0016747    -.05168  -.00419
  NOV  19  51501  .031579  .378301  .4075094    .0017761    -.05184  -.00409
  NOV  20  51502  .032686  .378522  .4057074    .0018301    -.05208  -.00394
  NOV  21  51503  .033182  .378656  .4038768    .0017995    -.05222  -.00385
  NOV  22  51504  .033168  .378633  .4021405    .0016660    -.05221  -.00390
  NOV  23  51505  .032864  .378495  .4005704    .0014782    -.05203  -.00384
  NOV  24  51506  .032542  .378049  .3991936    .0012733    -.05170  -.00385
  NOV  25  51507  .032212  .377575  .3980142    .0010953    -.05126  -.00401
  NOV  26  51508  .031894  .377273  .3969797    .0009935    -.05089  -.00401
  NOV  27  51509  .031746  .376960  .3960008    .0009801    -.05047  -.00404
  NOV  28  51510  .031978  .376697  .3949999    .0010410    -.05035  -.00402
  NOV  29  51511  .032653  .376778  .3939108    .0011700    -.05029  -.00388
  NOV  30  51512  .033395  .377034  .3926634    .0013237    -.05040  -.00374
  DEC   1  51513  .033910  .377484  .3912744    .0014114    -.05065  -.00353
  DEC   2  51514  .034269  .378185  .3898550    .0013883    -.05090  -.00338
  DEC   3  51515  .034485  .378856  .3885121    .0012893    -.05107  -.00330
  DEC   4  51516  .034708  .379187  .3872885    .0011761    -.05118  -.00318
  DEC   5  51517  .034861  .379331  .3861682    .0010848    -.05117  -.00310
  DEC   6  51518  .034716  .379246  .3851227    .0010081    -.05100  -.00315
  DEC   7  51519  .034456  .378993  .3841512    .0009174    -.05087  -.00328
  DEC   8  51520  .034774  .378909  .3832823    .0008348    -.05069  -.00338
  DEC   9  51521  .035712  .379150  .3824714    .0007962    -.05044  -.00342
  DEC  10  51522  .036700  .379601  .3816759    .0007993    -.05017  -.00349
  DEC  11  51523  .037235  .380063  .3808568    .0008532    -.04998  -.00351
  DEC  12  51524  .037351  .380369  .3799538    .0009154    -.04991  -.00358
  DEC  13  51525  .037381  .380656  .3790126    .0009981    -.05011  -.00343
  DEC  14  51526  .037690  .380984  .3779480    .0011473    -.05037  -.00340
  DEC  15  51527  .038289  .381496  .3767131    .0012885    -.05066  -.00321
  DEC  16  51528  .038479  .381879  .3753720    .0013896    -.05113  -.00308
  DEC  17  51529  .038296  .381915  .3739432    .0014747    -.05148  -.00302
  DEC  18  51530  .038135  .381986  .3724413    .0015195    -.05176  -.00301
  DEC  19  51531  .037997  .382083  .3709303    .0015140    -.05180  -.00305
  DEC  20  51532  .037705  .381936  .3694402    .0014528    -.05167  -.00299
  DEC  21  51533  .037222  .381371  .3680422    .0012804    -.05129  -.00302
  DEC  22  51534  .036624  .380663  .3668800    .0010829    -.05088  -.00310
  DEC  23  51535  .036514  .379684  .3658600    .0010358    -.05041  -.00312
  DEC  24  51536  .037171  .378573  .3647823    .0010804    -.04996  -.00317
  DEC  25  51537  .038064  .377679  .3636749    .0011049    -.04971  -.00306
  DEC  26  51538  .039026  .377407  .3625593    .0011375    -.04959  -.00303
  DEC  27  51539  .040058  .377585  .3614010    .0012128    -.04955  -.00288
  DEC  28  51540  .041107  .377740  .3601460    .0012994    -.04976  -.00276
  DEC  29  51541  .042024  .378186  .3588191    .0013047    -.05008  -.00259
  DEC  30  51542  .042553  .378291  .3575531    .0011873    -.05035  -.00249
  DEC  31  51543  .042856  .377975  .3564575    .0010303    -.05069  -.00254
